% 14-Apr-2024 18:36:27, created by disp_th_moments.m 
 
\begin{center}
\begin{longtable}{lccccccc} 
\caption{MATRIX OF CORRELATIONS}\\
 \label{Table:th_corr_matrix}\\
\toprule 
$Variables  $	 & 	 $      Y\_obs$	 & 	 $  Y\_N\_obs$	 & 	 $      I\_obs$	 & 	 $  p\_I\_obs$	 & 	 $      C\_obs$	 & 	 $     NC\_obs$	 & 	 $     NI\_obs$\\
\midrule \endfirsthead 
\caption{(continued)}\\
 \toprule \\ 
$Variables  $	 & 	 $      Y\_obs$	 & 	 $  Y\_N\_obs$	 & 	 $      I\_obs$	 & 	 $  p\_I\_obs$	 & 	 $      C\_obs$	 & 	 $     NC\_obs$	 & 	 $     NI\_obs$\\
\midrule \endhead 
\midrule \multicolumn{8}{r}{(Continued on next page)} \\ \bottomrule \endfoot 
\bottomrule \endlastfoot 
$Y\_obs     $	 & 	       1.0000	 & 	       0.5280	 & 	       0.7329	 & 	       0.1492	 & 	       0.8800	 & 	       0.4057	 & 	       0.7456 \\ 
$Y\_N\_obs  $	 & 	       0.5280	 & 	       1.0000	 & 	       0.4559	 & 	      -0.0396	 & 	       0.4165	 & 	      -0.4962	 & 	       0.1538 \\ 
$I\_obs     $	 & 	       0.7329	 & 	       0.4559	 & 	       1.0000	 & 	      -0.4005	 & 	       0.3218	 & 	       0.0003	 & 	       0.8990 \\ 
$p\_I\_obs  $	 & 	       0.1492	 & 	      -0.0396	 & 	      -0.4005	 & 	       1.0000	 & 	       0.4873	 & 	       0.3351	 & 	      -0.1082 \\ 
$C\_obs     $	 & 	       0.8800	 & 	       0.4165	 & 	       0.3218	 & 	       0.4873	 & 	       1.0000	 & 	       0.5644	 & 	       0.4099 \\ 
$NC\_obs    $	 & 	       0.4057	 & 	      -0.4962	 & 	       0.0003	 & 	       0.3351	 & 	       0.5644	 & 	       1.0000	 & 	       0.3162 \\ 
$NI\_obs    $	 & 	       0.7456	 & 	       0.1538	 & 	       0.8990	 & 	      -0.1082	 & 	       0.4099	 & 	       0.3162	 & 	       1.0000 \\ 
\end{longtable}
 \end{center}
% End of TeX file.
