% 26-Feb-2024 13:50:25, created by disp_th_moments.m 
 
\begin{center}
\begin{longtable}{lcccccc} 
\caption{MATRIX OF CORRELATIONS}\\
 \label{Table:th_corr_matrix}\\
\toprule 
$Variables  $	 & 	 $      log\_Y$	 & 	 $  log\_Y\_N$	 & 	 $      log\_I$	 & 	 $  log\_p\_I$	 & 	 $      log\_C$	 & 	 $      log\_D$\\
\midrule \endfirsthead 
\caption{(continued)}\\
 \toprule \\ 
$Variables  $	 & 	 $      log\_Y$	 & 	 $  log\_Y\_N$	 & 	 $      log\_I$	 & 	 $  log\_p\_I$	 & 	 $      log\_C$	 & 	 $      log\_D$\\
\midrule \endhead 
\midrule \multicolumn{7}{r}{(Continued on next page)} \\ \bottomrule \endfoot 
\bottomrule \endlastfoot 
$log\_Y     $	 & 	       1.0000	 & 	       0.9967	 & 	       0.9830	 & 	      -0.9900	 & 	       0.9962	 & 	       0.8555 \\ 
$log\_Y\_N  $	 & 	       0.9967	 & 	       1.0000	 & 	       0.9822	 & 	      -0.9919	 & 	       0.9918	 & 	       0.8502 \\ 
$log\_I     $	 & 	       0.9830	 & 	       0.9822	 & 	       1.0000	 & 	      -0.9952	 & 	       0.9633	 & 	       0.8544 \\ 
$log\_p\_I  $	 & 	      -0.9900	 & 	      -0.9919	 & 	      -0.9952	 & 	       1.0000	 & 	      -0.9759	 & 	      -0.8242 \\ 
$log\_C     $	 & 	       0.9962	 & 	       0.9918	 & 	       0.9633	 & 	      -0.9759	 & 	       1.0000	 & 	       0.8459 \\ 
$log\_D     $	 & 	       0.8555	 & 	       0.8502	 & 	       0.8544	 & 	      -0.8242	 & 	       0.8459	 & 	       1.0000 \\ 
\end{longtable}
 \end{center}
% End of TeX file.
