% 02-Mar-2024 14:26:25, created by disp_th_moments.m 
 
\begin{center}
\begin{longtable}{lccccccccccccccccccccc} 
\caption{MATRIX OF CORRELATIONS}\\
 \label{Table:th_corr_matrix}\\
\toprule 
$Variables  $	 & 	 $      Y\_obs$	 & 	 $  Y\_N\_obs$	 & 	 $     SR\_obs$	 & 	 $      I\_obs$	 & 	 $  p\_I\_obs$	 & 	 $      C\_obs$	 & 	 $     NC\_obs$	 & 	 $     NI\_obs$	 & 	 $   util\_obs$	 & 	 $      D\_obs$	 & 	 $      log\_Y$	 & 	 $  log\_Y\_N$	 & 	 $     log\_SR$	 & 	 $      log\_I$	 & 	 $  log\_p\_I$	 & 	 $      log\_C$	 & 	 $      log\_N$	 & 	 $     log\_NC$	 & 	 $     log\_NI$	 & 	 $   log\_util$	 & 	 $      log\_D$\\
\midrule \endfirsthead 
\caption{(continued)}\\
 \toprule \\ 
$Variables  $	 & 	 $      Y\_obs$	 & 	 $  Y\_N\_obs$	 & 	 $     SR\_obs$	 & 	 $      I\_obs$	 & 	 $  p\_I\_obs$	 & 	 $      C\_obs$	 & 	 $     NC\_obs$	 & 	 $     NI\_obs$	 & 	 $   util\_obs$	 & 	 $      D\_obs$	 & 	 $      log\_Y$	 & 	 $  log\_Y\_N$	 & 	 $     log\_SR$	 & 	 $      log\_I$	 & 	 $  log\_p\_I$	 & 	 $      log\_C$	 & 	 $      log\_N$	 & 	 $     log\_NC$	 & 	 $     log\_NI$	 & 	 $   log\_util$	 & 	 $      log\_D$\\
\midrule \endhead 
\midrule \multicolumn{22}{r}{(Continued on next page)} \\ \bottomrule \endfoot 
\bottomrule \endlastfoot 
$Y\_obs     $	 & 	       1.0000	 & 	       0.1749	 & 	       0.6342	 & 	       0.9271	 & 	      -0.2318	 & 	       0.9296	 & 	       0.6845	 & 	       0.8093	 & 	       0.8481	 & 	       0.7360	 & 	       0.0164	 & 	      -0.0080	 & 	       0.0344	 & 	       0.0526	 & 	       0.0048	 & 	      -0.0002	 & 	       0.0144	 & 	       0.0068	 & 	       0.0458	 & 	       0.0847	 & 	       0.0774 \\ 
$Y\_N\_obs  $	 & 	       0.1749	 & 	       1.0000	 & 	       0.8668	 & 	      -0.0031	 & 	      -0.2305	 & 	       0.3252	 & 	      -0.5792	 & 	      -0.3679	 & 	       0.1231	 & 	      -0.0767	 & 	       0.0025	 & 	       0.0121	 & 	       0.0253	 & 	       0.0035	 & 	      -0.0029	 & 	       0.0020	 & 	      -0.0047	 & 	      -0.0048	 & 	      -0.0045	 & 	       0.0395	 & 	       0.0050 \\ 
$SR\_obs    $	 & 	       0.6342	 & 	       0.8668	 & 	       1.0000	 & 	       0.4635	 & 	      -0.2841	 & 	       0.7120	 & 	      -0.1143	 & 	       0.1218	 & 	       0.5204	 & 	       0.3166	 & 	      -0.0167	 & 	      -0.0028	 & 	       0.0118	 & 	      -0.0251	 & 	       0.0379	 & 	      -0.0119	 & 	      -0.0090	 & 	      -0.0095	 & 	      -0.0065	 & 	       0.0077	 & 	       0.0141 \\ 
$I\_obs     $	 & 	       0.9271	 & 	      -0.0031	 & 	       0.4635	 & 	       1.0000	 & 	      -0.2879	 & 	       0.7237	 & 	       0.7094	 & 	       0.9115	 & 	       0.9076	 & 	       0.8543	 & 	       0.0052	 & 	      -0.0071	 & 	       0.0340	 & 	       0.0356	 & 	       0.0112	 & 	      -0.0082	 & 	       0.0069	 & 	       0.0005	 & 	       0.0335	 & 	       0.0594	 & 	       0.0628 \\ 
$p\_I\_obs  $	 & 	      -0.2318	 & 	      -0.2305	 & 	      -0.2841	 & 	      -0.2879	 & 	       1.0000	 & 	      -0.1438	 & 	      -0.0703	 & 	      -0.0066	 & 	      -0.2770	 & 	       0.0268	 & 	      -0.0162	 & 	      -0.0059	 & 	      -0.0679	 & 	      -0.0453	 & 	       0.0174	 & 	      -0.0027	 & 	      -0.0071	 & 	      -0.0025	 & 	      -0.0258	 & 	      -0.0970	 & 	      -0.0122 \\ 
$C\_obs     $	 & 	       0.9296	 & 	       0.3252	 & 	       0.7120	 & 	       0.7237	 & 	      -0.1438	 & 	       1.0000	 & 	       0.5627	 & 	       0.5937	 & 	       0.6691	 & 	       0.5151	 & 	       0.0251	 & 	      -0.0077	 & 	       0.0299	 & 	       0.0618	 & 	      -0.0021	 & 	       0.0077	 & 	       0.0197	 & 	       0.0120	 & 	       0.0514	 & 	       0.0975	 & 	       0.0808 \\ 
$NC\_obs    $	 & 	       0.6845	 & 	      -0.5792	 & 	      -0.1143	 & 	       0.7094	 & 	      -0.0703	 & 	       0.5627	 & 	       1.0000	 & 	       0.8749	 & 	       0.5498	 & 	       0.5660	 & 	       0.0179	 & 	      -0.0159	 & 	       0.0133	 & 	       0.0511	 & 	       0.0010	 & 	       0.0025	 & 	       0.0195	 & 	       0.0125	 & 	       0.0479	 & 	       0.0558	 & 	       0.0640 \\ 
$NI\_obs    $	 & 	       0.8093	 & 	      -0.3679	 & 	       0.1218	 & 	       0.9115	 & 	      -0.0066	 & 	       0.5937	 & 	       0.8749	 & 	       1.0000	 & 	       0.7815	 & 	       0.8474	 & 	       0.0026	 & 	      -0.0124	 & 	       0.0116	 & 	       0.0273	 & 	       0.0143	 & 	      -0.0081	 & 	       0.0081	 & 	       0.0025	 & 	       0.0310	 & 	       0.0293	 & 	       0.0592 \\ 
$util\_obs  $	 & 	       0.8481	 & 	       0.1231	 & 	       0.5204	 & 	       0.9076	 & 	      -0.2770	 & 	       0.6691	 & 	       0.5498	 & 	       0.7815	 & 	       1.0000	 & 	       0.8676	 & 	       0.0032	 & 	      -0.0091	 & 	       0.0216	 & 	       0.0267	 & 	       0.0218	 & 	      -0.0071	 & 	       0.0068	 & 	       0.0007	 & 	       0.0315	 & 	       0.0537	 & 	       0.0748 \\ 
$D\_obs     $	 & 	       0.7360	 & 	      -0.0767	 & 	       0.3166	 & 	       0.8543	 & 	       0.0268	 & 	       0.5151	 & 	       0.5660	 & 	       0.8474	 & 	       0.8676	 & 	       1.0000	 & 	       0.0060	 & 	      -0.0047	 & 	       0.0103	 & 	       0.0274	 & 	       0.0042	 & 	      -0.0036	 & 	       0.0062	 & 	       0.0018	 & 	       0.0242	 & 	       0.0311	 & 	       0.0647 \\ 
$log\_Y     $	 & 	       0.0164	 & 	       0.0025	 & 	      -0.0167	 & 	       0.0052	 & 	      -0.0162	 & 	       0.0251	 & 	       0.0179	 & 	       0.0026	 & 	       0.0032	 & 	       0.0060	 & 	       1.0000	 & 	      -0.5172	 & 	      -0.7360	 & 	       0.8864	 & 	      -0.6267	 & 	       0.9802	 & 	       0.8949	 & 	       0.8949	 & 	       0.8786	 & 	       0.6495	 & 	       0.8830 \\ 
$log\_Y\_N  $	 & 	      -0.0080	 & 	       0.0121	 & 	      -0.0028	 & 	      -0.0071	 & 	      -0.0059	 & 	      -0.0077	 & 	      -0.0159	 & 	      -0.0124	 & 	      -0.0091	 & 	      -0.0047	 & 	      -0.5172	 & 	       1.0000	 & 	       0.8506	 & 	      -0.1370	 & 	      -0.3134	 & 	      -0.6445	 & 	      -0.8448	 & 	      -0.8432	 & 	      -0.8362	 & 	      -0.5944	 & 	      -0.7399 \\ 
$log\_SR    $	 & 	       0.0344	 & 	       0.0253	 & 	       0.0118	 & 	       0.0340	 & 	      -0.0679	 & 	       0.0299	 & 	       0.0133	 & 	       0.0116	 & 	       0.0216	 & 	       0.0103	 & 	      -0.7360	 & 	       0.8506	 & 	       1.0000	 & 	      -0.3425	 & 	       0.0251	 & 	      -0.8540	 & 	      -0.9037	 & 	      -0.9180	 & 	      -0.8286	 & 	      -0.3760	 & 	      -0.7931 \\ 
$log\_I     $	 & 	       0.0526	 & 	       0.0035	 & 	      -0.0251	 & 	       0.0356	 & 	      -0.0453	 & 	       0.0618	 & 	       0.0511	 & 	       0.0273	 & 	       0.0267	 & 	       0.0274	 & 	       0.8864	 & 	      -0.1370	 & 	      -0.3425	 & 	       1.0000	 & 	      -0.8618	 & 	       0.7772	 & 	       0.6256	 & 	       0.6161	 & 	       0.6533	 & 	       0.6360	 & 	       0.6755 \\ 
$log\_p\_I  $	 & 	       0.0048	 & 	      -0.0029	 & 	       0.0379	 & 	       0.0112	 & 	       0.0174	 & 	      -0.0021	 & 	       0.0010	 & 	       0.0143	 & 	       0.0218	 & 	       0.0042	 & 	      -0.6267	 & 	      -0.3134	 & 	       0.0251	 & 	      -0.8618	 & 	       1.0000	 & 	      -0.4833	 & 	      -0.2284	 & 	      -0.2296	 & 	      -0.2191	 & 	      -0.1966	 & 	      -0.2474 \\ 
$log\_C     $	 & 	      -0.0002	 & 	       0.0020	 & 	      -0.0119	 & 	      -0.0082	 & 	      -0.0027	 & 	       0.0077	 & 	       0.0025	 & 	      -0.0081	 & 	      -0.0071	 & 	      -0.0036	 & 	       0.9802	 & 	      -0.6445	 & 	      -0.8540	 & 	       0.7772	 & 	      -0.4833	 & 	       1.0000	 & 	       0.9489	 & 	       0.9529	 & 	       0.9149	 & 	       0.6108	 & 	       0.9113 \\ 
$log\_N     $	 & 	       0.0144	 & 	      -0.0047	 & 	      -0.0090	 & 	       0.0069	 & 	      -0.0071	 & 	       0.0197	 & 	       0.0195	 & 	       0.0081	 & 	       0.0068	 & 	       0.0062	 & 	       0.8949	 & 	      -0.8448	 & 	      -0.9037	 & 	       0.6256	 & 	      -0.2284	 & 	       0.9489	 & 	       1.0000	 & 	       0.9991	 & 	       0.9853	 & 	       0.7160	 & 	       0.9379 \\ 
$log\_NC    $	 & 	       0.0068	 & 	      -0.0048	 & 	      -0.0095	 & 	       0.0005	 & 	      -0.0025	 & 	       0.0120	 & 	       0.0125	 & 	       0.0025	 & 	       0.0007	 & 	       0.0018	 & 	       0.8949	 & 	      -0.8432	 & 	      -0.9180	 & 	       0.6161	 & 	      -0.2296	 & 	       0.9529	 & 	       0.9991	 & 	       1.0000	 & 	       0.9775	 & 	       0.6873	 & 	       0.9295 \\ 
$log\_NI    $	 & 	       0.0458	 & 	      -0.0045	 & 	      -0.0065	 & 	       0.0335	 & 	      -0.0258	 & 	       0.0514	 & 	       0.0479	 & 	       0.0310	 & 	       0.0315	 & 	       0.0242	 & 	       0.8786	 & 	      -0.8362	 & 	      -0.8286	 & 	       0.6533	 & 	      -0.2191	 & 	       0.9149	 & 	       0.9853	 & 	       0.9775	 & 	       1.0000	 & 	       0.8215	 & 	       0.9554 \\ 
$log\_util  $	 & 	       0.0847	 & 	       0.0395	 & 	       0.0077	 & 	       0.0594	 & 	      -0.0970	 & 	       0.0975	 & 	       0.0558	 & 	       0.0293	 & 	       0.0537	 & 	       0.0311	 & 	       0.6495	 & 	      -0.5944	 & 	      -0.3760	 & 	       0.6360	 & 	      -0.1966	 & 	       0.6108	 & 	       0.7160	 & 	       0.6873	 & 	       0.8215	 & 	       1.0000	 & 	       0.7905 \\ 
$log\_D     $	 & 	       0.0774	 & 	       0.0050	 & 	       0.0141	 & 	       0.0628	 & 	      -0.0122	 & 	       0.0808	 & 	       0.0640	 & 	       0.0592	 & 	       0.0748	 & 	       0.0647	 & 	       0.8830	 & 	      -0.7399	 & 	      -0.7931	 & 	       0.6755	 & 	      -0.2474	 & 	       0.9113	 & 	       0.9379	 & 	       0.9295	 & 	       0.9554	 & 	       0.7905	 & 	       1.0000 \\ 
\end{longtable}
 \end{center}
% End of TeX file.
