% 03-Mar-2024 17:06:43, created by disp_th_moments.m 
 
\begin{center}
\begin{longtable}{lccccccccccccccccccccc} 
\caption{MATRIX OF CORRELATIONS}\\
 \label{Table:th_corr_matrix}\\
\toprule 
$Variables  $	 & 	 $      Y\_obs$	 & 	 $  Y\_N\_obs$	 & 	 $     SR\_obs$	 & 	 $      I\_obs$	 & 	 $  p\_I\_obs$	 & 	 $      C\_obs$	 & 	 $     NC\_obs$	 & 	 $     NI\_obs$	 & 	 $   util\_obs$	 & 	 $      D\_obs$	 & 	 $      log\_Y$	 & 	 $  log\_Y\_N$	 & 	 $     log\_SR$	 & 	 $      log\_I$	 & 	 $  log\_p\_I$	 & 	 $      log\_C$	 & 	 $      log\_N$	 & 	 $     log\_NC$	 & 	 $     log\_NI$	 & 	 $   log\_util$	 & 	 $      log\_D$\\
\midrule \endfirsthead 
\caption{(continued)}\\
 \toprule \\ 
$Variables  $	 & 	 $      Y\_obs$	 & 	 $  Y\_N\_obs$	 & 	 $     SR\_obs$	 & 	 $      I\_obs$	 & 	 $  p\_I\_obs$	 & 	 $      C\_obs$	 & 	 $     NC\_obs$	 & 	 $     NI\_obs$	 & 	 $   util\_obs$	 & 	 $      D\_obs$	 & 	 $      log\_Y$	 & 	 $  log\_Y\_N$	 & 	 $     log\_SR$	 & 	 $      log\_I$	 & 	 $  log\_p\_I$	 & 	 $      log\_C$	 & 	 $      log\_N$	 & 	 $     log\_NC$	 & 	 $     log\_NI$	 & 	 $   log\_util$	 & 	 $      log\_D$\\
\midrule \endhead 
\midrule \multicolumn{22}{r}{(Continued on next page)} \\ \bottomrule \endfoot 
\bottomrule \endlastfoot 
$Y\_obs     $	 & 	       1.0000	 & 	       0.2242	 & 	       0.6335	 & 	       0.9356	 & 	      -0.4197	 & 	       0.9315	 & 	       0.6448	 & 	       0.7967	 & 	       0.8572	 & 	       0.6945	 & 	       0.0189	 & 	      -0.0125	 & 	       0.0744	 & 	       0.0501	 & 	      -0.0044	 & 	      -0.0055	 & 	       0.0335	 & 	       0.0156	 & 	       0.0996	 & 	       0.1233	 & 	       0.2248 \\ 
$Y\_N\_obs  $	 & 	       0.2242	 & 	       1.0000	 & 	       0.8885	 & 	       0.0565	 & 	      -0.2005	 & 	       0.3667	 & 	      -0.5884	 & 	      -0.3549	 & 	       0.1336	 & 	      -0.0834	 & 	       0.0065	 & 	       0.0247	 & 	       0.0527	 & 	       0.0097	 & 	      -0.0027	 & 	       0.0038	 & 	      -0.0094	 & 	      -0.0116	 & 	      -0.0001	 & 	       0.0527	 & 	       0.0218 \\ 
$SR\_obs    $	 & 	       0.6335	 & 	       0.8885	 & 	       1.0000	 & 	       0.4760	 & 	      -0.3390	 & 	       0.7102	 & 	      -0.1706	 & 	       0.0907	 & 	       0.4987	 & 	       0.2749	 & 	      -0.0251	 & 	      -0.0047	 & 	       0.0251	 & 	      -0.0266	 & 	       0.0275	 & 	      -0.0228	 & 	      -0.0292	 & 	      -0.0292	 & 	      -0.0255	 & 	      -0.0051	 & 	       0.0515 \\ 
$I\_obs     $	 & 	       0.9356	 & 	       0.0565	 & 	       0.4760	 & 	       1.0000	 & 	      -0.4896	 & 	       0.7431	 & 	       0.6888	 & 	       0.8931	 & 	       0.9186	 & 	       0.7833	 & 	       0.0004	 & 	      -0.0155	 & 	       0.0697	 & 	       0.0289	 & 	       0.0027	 & 	      -0.0212	 & 	       0.0117	 & 	      -0.0020	 & 	       0.0640	 & 	       0.0767	 & 	       0.1882 \\ 
$p\_I\_obs  $	 & 	      -0.4197	 & 	      -0.2005	 & 	      -0.3390	 & 	      -0.4896	 & 	       1.0000	 & 	      -0.2911	 & 	      -0.2238	 & 	      -0.2082	 & 	      -0.4412	 & 	      -0.1400	 & 	      -0.0114	 & 	      -0.0061	 & 	      -0.1250	 & 	      -0.0360	 & 	       0.0121	 & 	       0.0078	 & 	      -0.0104	 & 	       0.0004	 & 	      -0.0512	 & 	      -0.1024	 & 	      -0.0536 \\ 
$C\_obs     $	 & 	       0.9315	 & 	       0.3667	 & 	       0.7102	 & 	       0.7431	 & 	      -0.2911	 & 	       1.0000	 & 	       0.5126	 & 	       0.5899	 & 	       0.6784	 & 	       0.5094	 & 	       0.0355	 & 	      -0.0077	 & 	       0.0692	 & 	       0.0652	 & 	      -0.0112	 & 	       0.0114	 & 	       0.0515	 & 	       0.0317	 & 	       0.1229	 & 	       0.1546	 & 	       0.2321 \\ 
$NC\_obs    $	 & 	       0.6448	 & 	      -0.5884	 & 	      -0.1706	 & 	       0.6888	 & 	      -0.2238	 & 	       0.5126	 & 	       1.0000	 & 	       0.8906	 & 	       0.5592	 & 	       0.5761	 & 	       0.0185	 & 	      -0.0287	 & 	       0.0273	 & 	       0.0434	 & 	      -0.0056	 & 	      -0.0012	 & 	       0.0446	 & 	       0.0297	 & 	       0.0977	 & 	       0.0809	 & 	       0.1750 \\ 
$NI\_obs    $	 & 	       0.7967	 & 	      -0.3549	 & 	       0.0907	 & 	       0.8931	 & 	      -0.2082	 & 	       0.5899	 & 	       0.8906	 & 	       1.0000	 & 	       0.7888	 & 	       0.7935	 & 	      -0.0012	 & 	      -0.0266	 & 	       0.0256	 & 	       0.0222	 & 	       0.0050	 & 	      -0.0188	 & 	       0.0176	 & 	       0.0058	 & 	       0.0616	 & 	       0.0449	 & 	       0.1802 \\ 
$util\_obs  $	 & 	       0.8572	 & 	       0.1336	 & 	       0.4987	 & 	       0.9186	 & 	      -0.4412	 & 	       0.6784	 & 	       0.5592	 & 	       0.7888	 & 	       1.0000	 & 	       0.7929	 & 	       0.0007	 & 	      -0.0157	 & 	       0.0446	 & 	       0.0235	 & 	       0.0065	 & 	      -0.0166	 & 	       0.0122	 & 	      -0.0001	 & 	       0.0588	 & 	       0.0722	 & 	       0.2069 \\ 
$D\_obs     $	 & 	       0.6945	 & 	      -0.0834	 & 	       0.2749	 & 	       0.7833	 & 	      -0.1400	 & 	       0.5094	 & 	       0.5761	 & 	       0.7935	 & 	       0.7929	 & 	       1.0000	 & 	      -0.0061	 & 	      -0.0118	 & 	       0.0074	 & 	       0.0059	 & 	       0.0013	 & 	      -0.0148	 & 	       0.0006	 & 	      -0.0036	 & 	       0.0170	 & 	       0.0057	 & 	       0.1374 \\ 
$log\_Y     $	 & 	       0.0189	 & 	       0.0065	 & 	      -0.0251	 & 	       0.0004	 & 	      -0.0114	 & 	       0.0355	 & 	       0.0185	 & 	      -0.0012	 & 	       0.0007	 & 	      -0.0061	 & 	       1.0000	 & 	       0.6421	 & 	      -0.2718	 & 	       0.9652	 & 	      -0.9503	 & 	       0.9803	 & 	       0.8334	 & 	       0.8453	 & 	       0.6902	 & 	       0.3250	 & 	       0.5735 \\ 
$log\_Y\_N  $	 & 	      -0.0125	 & 	       0.0247	 & 	      -0.0047	 & 	      -0.0155	 & 	      -0.0061	 & 	      -0.0077	 & 	      -0.0287	 & 	      -0.0266	 & 	      -0.0157	 & 	      -0.0118	 & 	       0.6421	 & 	       1.0000	 & 	       0.3165	 & 	       0.6887	 & 	      -0.7758	 & 	       0.5774	 & 	       0.1115	 & 	       0.1409	 & 	      -0.0164	 & 	       0.1348	 & 	       0.1428 \\ 
$log\_SR    $	 & 	       0.0744	 & 	       0.0527	 & 	       0.0251	 & 	       0.0697	 & 	      -0.1250	 & 	       0.0692	 & 	       0.0273	 & 	       0.0256	 & 	       0.0446	 & 	       0.0074	 & 	      -0.2718	 & 	       0.3165	 & 	       1.0000	 & 	      -0.0395	 & 	       0.1109	 & 	      -0.4348	 & 	      -0.5805	 & 	      -0.6366	 & 	      -0.2942	 & 	       0.4899	 & 	      -0.1092 \\ 
$log\_I     $	 & 	       0.0501	 & 	       0.0097	 & 	      -0.0266	 & 	       0.0289	 & 	      -0.0360	 & 	       0.0652	 & 	       0.0434	 & 	       0.0222	 & 	       0.0235	 & 	       0.0059	 & 	       0.9652	 & 	       0.6887	 & 	      -0.0395	 & 	       1.0000	 & 	      -0.9567	 & 	       0.8945	 & 	       0.7547	 & 	       0.7472	 & 	       0.6960	 & 	       0.4912	 & 	       0.5576 \\ 
$log\_p\_I  $	 & 	      -0.0044	 & 	      -0.0027	 & 	       0.0275	 & 	       0.0027	 & 	       0.0121	 & 	      -0.0112	 & 	      -0.0056	 & 	       0.0050	 & 	       0.0065	 & 	       0.0013	 & 	      -0.9503	 & 	      -0.7758	 & 	       0.1109	 & 	      -0.9567	 & 	       1.0000	 & 	      -0.9018	 & 	      -0.6727	 & 	      -0.6947	 & 	      -0.5085	 & 	      -0.2367	 & 	      -0.3391 \\ 
$log\_C     $	 & 	      -0.0055	 & 	       0.0038	 & 	      -0.0228	 & 	      -0.0212	 & 	       0.0078	 & 	       0.0114	 & 	      -0.0012	 & 	      -0.0188	 & 	      -0.0166	 & 	      -0.0148	 & 	       0.9803	 & 	       0.5774	 & 	      -0.4348	 & 	       0.8945	 & 	      -0.9018	 & 	       1.0000	 & 	       0.8545	 & 	       0.8804	 & 	       0.6541	 & 	       0.1846	 & 	       0.5592 \\ 
$log\_N     $	 & 	       0.0335	 & 	      -0.0094	 & 	      -0.0292	 & 	       0.0117	 & 	      -0.0104	 & 	       0.0515	 & 	       0.0446	 & 	       0.0176	 & 	       0.0122	 & 	       0.0006	 & 	       0.8334	 & 	       0.1115	 & 	      -0.5805	 & 	       0.7547	 & 	      -0.6727	 & 	       0.8545	 & 	       1.0000	 & 	       0.9941	 & 	       0.9066	 & 	       0.3241	 & 	       0.6404 \\ 
$log\_NC    $	 & 	       0.0156	 & 	      -0.0116	 & 	      -0.0292	 & 	      -0.0020	 & 	       0.0004	 & 	       0.0317	 & 	       0.0297	 & 	       0.0058	 & 	      -0.0001	 & 	      -0.0036	 & 	       0.8453	 & 	       0.1409	 & 	      -0.6366	 & 	       0.7472	 & 	      -0.6947	 & 	       0.8804	 & 	       0.9941	 & 	       1.0000	 & 	       0.8556	 & 	       0.2286	 & 	       0.5870 \\ 
$log\_NI    $	 & 	       0.0996	 & 	      -0.0001	 & 	      -0.0255	 & 	       0.0640	 & 	      -0.0512	 & 	       0.1229	 & 	       0.0977	 & 	       0.0616	 & 	       0.0588	 & 	       0.0170	 & 	       0.6902	 & 	      -0.0164	 & 	      -0.2942	 & 	       0.6960	 & 	      -0.5085	 & 	       0.6541	 & 	       0.9066	 & 	       0.8556	 & 	       1.0000	 & 	       0.6592	 & 	       0.7744 \\ 
$log\_util  $	 & 	       0.1233	 & 	       0.0527	 & 	      -0.0051	 & 	       0.0767	 & 	      -0.1024	 & 	       0.1546	 & 	       0.0809	 & 	       0.0449	 & 	       0.0722	 & 	       0.0057	 & 	       0.3250	 & 	       0.1348	 & 	       0.4899	 & 	       0.4912	 & 	      -0.2367	 & 	       0.1846	 & 	       0.3241	 & 	       0.2286	 & 	       0.6592	 & 	       1.0000	 & 	       0.7029 \\ 
$log\_D     $	 & 	       0.2248	 & 	       0.0218	 & 	       0.0515	 & 	       0.1882	 & 	      -0.0536	 & 	       0.2321	 & 	       0.1750	 & 	       0.1802	 & 	       0.2069	 & 	       0.1374	 & 	       0.5735	 & 	       0.1428	 & 	      -0.1092	 & 	       0.5576	 & 	      -0.3391	 & 	       0.5592	 & 	       0.6404	 & 	       0.5870	 & 	       0.7744	 & 	       0.7029	 & 	       1.0000 \\ 
\end{longtable}
 \end{center}
% End of TeX file.
