% 31-Jan-2024 13:29:34, created by compute_moments_varendo.m 
 
\begin{center}
\begin{longtable}{lcccc} 
\caption{Posterior mean variance decomposition (in percent)}\\
 \label{Table:dsge_post_mean_var_decomp_uncond}\\
\toprule 
$                $	 & 	 $       {e_g}$	 & 	 $    {e_{ZI}}$	 & 	 $       {e_N}$	 & 	 $       {e_D}$\\
\midrule \endfirsthead 
\caption{(continued)}\\
 \toprule \\ 
$                $	 & 	 $       {e_g}$	 & 	 $    {e_{ZI}}$	 & 	 $       {e_N}$	 & 	 $       {e_D}$\\
\midrule \endhead 
\midrule \multicolumn{5}{r}{(Continued on next page)} \\ \bottomrule \endfoot 
\bottomrule \endlastfoot 
$I\_obs          $	 & 	       16.08	 & 	       68.33	 & 	        1.08	 & 	       14.51 \\ 
$C\_obs          $	 & 	       45.42	 & 	        1.08	 & 	        3.78	 & 	       49.72 \\ 
$Y\_obs          $	 & 	       43.19	 & 	        6.34	 & 	        3.58	 & 	       46.90 \\ 
$lab\_prod\_obs  $	 & 	       40.68	 & 	       13.55	 & 	       10.89	 & 	       34.89 \\ 
$p\_I\_obs       $	 & 	       11.88	 & 	       79.66	 & 	        0.45	 & 	        8.01 \\ 
$log\_I          $	 & 	        5.18	 & 	       74.58	 & 	        4.49	 & 	       15.74 \\ 
$log\_C          $	 & 	       78.47	 & 	        3.74	 & 	        4.78	 & 	       13.02 \\ 
$log\_NC         $	 & 	       54.15	 & 	        2.58	 & 	       38.39	 & 	        4.88 \\ 
$log\_NI         $	 & 	        7.46	 & 	       29.38	 & 	       42.74	 & 	       20.41 \\ 
$log\_Y          $	 & 	       65.63	 & 	       11.45	 & 	        5.87	 & 	       17.05 \\ 
$log\_Y\_N       $	 & 	       58.66	 & 	       17.12	 & 	        9.22	 & 	       15.01 \\ 
$log\_p\_I       $	 & 	        0.69	 & 	       98.81	 & 	        0.03	 & 	        0.47 \\ 
\end{longtable}
 \end{center}
% End of TeX file.
