% 14-Feb-2024 16:23:46, created by disp_th_moments.m 
 
\begin{center}
\begin{longtable}{lccccccccccccccccccc} 
\caption{MATRIX OF CORRELATIONS}\\
 \label{Table:th_corr_matrix}\\
\toprule 
$Variables  $	 & 	 $      Y\_obs$	 & 	 $  Y\_N\_obs$	 & 	 $      I\_obs$	 & 	 $  p\_I\_obs$	 & 	 $      C\_obs$	 & 	 $     NC\_obs$	 & 	 $     NI\_obs$	 & 	 $   util\_obs$	 & 	 $      D\_obs$	 & 	 $      log\_Y$	 & 	 $  log\_Y\_N$	 & 	 $      log\_I$	 & 	 $  log\_p\_I$	 & 	 $      log\_C$	 & 	 $      log\_N$	 & 	 $     log\_NC$	 & 	 $     log\_NI$	 & 	 $   log\_util$	 & 	 $      log\_D$\\
\midrule \endfirsthead 
\caption{(continued)}\\
 \toprule \\ 
$Variables  $	 & 	 $      Y\_obs$	 & 	 $  Y\_N\_obs$	 & 	 $      I\_obs$	 & 	 $  p\_I\_obs$	 & 	 $      C\_obs$	 & 	 $     NC\_obs$	 & 	 $     NI\_obs$	 & 	 $   util\_obs$	 & 	 $      D\_obs$	 & 	 $      log\_Y$	 & 	 $  log\_Y\_N$	 & 	 $      log\_I$	 & 	 $  log\_p\_I$	 & 	 $      log\_C$	 & 	 $      log\_N$	 & 	 $     log\_NC$	 & 	 $     log\_NI$	 & 	 $   log\_util$	 & 	 $      log\_D$\\
\midrule \endhead 
\midrule \multicolumn{20}{r}{(Continued on next page)} \\ \bottomrule \endfoot 
\bottomrule \endlastfoot 
$Y\_obs     $	 & 	       1.0000	 & 	      -0.1882	 & 	       0.9210	 & 	       0.1845	 & 	       0.9864	 & 	       0.9393	 & 	       0.9002	 & 	       0.9268	 & 	       0.8816	 & 	       0.0181	 & 	      -0.0311	 & 	       0.0264	 & 	       0.0150	 & 	       0.0153	 & 	       0.0213	 & 	       0.0179	 & 	       0.0327	 & 	       0.0985	 & 	       0.0585 \\ 
$Y\_N\_obs  $	 & 	      -0.1882	 & 	       1.0000	 & 	      -0.2586	 & 	      -0.2196	 & 	      -0.1497	 & 	      -0.4915	 & 	      -0.4814	 & 	      -0.1613	 & 	      -0.1587	 & 	      -0.0112	 & 	       0.0400	 & 	      -0.0168	 & 	      -0.0151	 & 	      -0.0094	 & 	      -0.0156	 & 	      -0.0132	 & 	      -0.0233	 & 	      -0.0040	 & 	      -0.0091 \\ 
$I\_obs     $	 & 	       0.9210	 & 	      -0.2586	 & 	       1.0000	 & 	      -0.0299	 & 	       0.8445	 & 	       0.8480	 & 	       0.9655	 & 	       0.8717	 & 	       0.8248	 & 	       0.0123	 & 	      -0.0356	 & 	       0.0237	 & 	       0.0174	 & 	       0.0086	 & 	       0.0161	 & 	       0.0119	 & 	       0.0305	 & 	       0.0976	 & 	       0.0551 \\ 
$p\_I\_obs  $	 & 	       0.1845	 & 	      -0.2196	 & 	      -0.0299	 & 	       1.0000	 & 	       0.2663	 & 	       0.2750	 & 	       0.1255	 & 	       0.1833	 & 	       0.2245	 & 	      -0.0018	 & 	      -0.0033	 & 	      -0.0155	 & 	       0.0345	 & 	       0.0027	 & 	      -0.0014	 & 	       0.0020	 & 	      -0.0130	 & 	      -0.0303	 & 	      -0.0074 \\ 
$C\_obs     $	 & 	       0.9864	 & 	      -0.1497	 & 	       0.8445	 & 	       0.2663	 & 	       1.0000	 & 	       0.9337	 & 	       0.8304	 & 	       0.9066	 & 	       0.8642	 & 	       0.0197	 & 	      -0.0277	 & 	       0.0263	 & 	       0.0133	 & 	       0.0174	 & 	       0.0225	 & 	       0.0196	 & 	       0.0321	 & 	       0.0942	 & 	       0.0572 \\ 
$NC\_obs    $	 & 	       0.9393	 & 	      -0.4915	 & 	       0.8480	 & 	       0.2750	 & 	       0.9337	 & 	       1.0000	 & 	       0.9107	 & 	       0.8584	 & 	       0.8179	 & 	       0.0217	 & 	      -0.0392	 & 	       0.0302	 & 	       0.0159	 & 	       0.0189	 & 	       0.0258	 & 	       0.0222	 & 	       0.0377	 & 	       0.0866	 & 	       0.0546 \\ 
$NI\_obs    $	 & 	       0.9002	 & 	      -0.4814	 & 	       0.9655	 & 	       0.1255	 & 	       0.8304	 & 	       0.9107	 & 	       1.0000	 & 	       0.8492	 & 	       0.8101	 & 	       0.0136	 & 	      -0.0417	 & 	       0.0237	 & 	       0.0228	 & 	       0.0102	 & 	       0.0180	 & 	       0.0140	 & 	       0.0316	 & 	       0.0867	 & 	       0.0514 \\ 
$util\_obs  $	 & 	       0.9268	 & 	      -0.1613	 & 	       0.8717	 & 	       0.1833	 & 	       0.9066	 & 	       0.8584	 & 	       0.8492	 & 	       1.0000	 & 	       0.9927	 & 	       0.0059	 & 	      -0.0170	 & 	       0.0048	 & 	       0.0295	 & 	       0.0062	 & 	       0.0077	 & 	       0.0071	 & 	       0.0096	 & 	       0.0621	 & 	       0.0387 \\ 
$D\_obs     $	 & 	       0.8816	 & 	      -0.1587	 & 	       0.8248	 & 	       0.2245	 & 	       0.8642	 & 	       0.8179	 & 	       0.8101	 & 	       0.9927	 & 	       1.0000	 & 	       0.0120	 & 	      -0.0154	 & 	       0.0141	 & 	       0.0206	 & 	       0.0112	 & 	       0.0135	 & 	       0.0120	 & 	       0.0185	 & 	       0.0751	 & 	       0.0498 \\ 
$log\_Y     $	 & 	       0.0181	 & 	      -0.0112	 & 	       0.0123	 & 	      -0.0018	 & 	       0.0197	 & 	       0.0217	 & 	       0.0136	 & 	       0.0059	 & 	       0.0120	 & 	       1.0000	 & 	      -0.0878	 & 	       0.9860	 & 	      -0.8705	 & 	       0.9986	 & 	       0.9937	 & 	       0.9927	 & 	       0.9780	 & 	       0.8460	 & 	       0.9039 \\ 
$log\_Y\_N  $	 & 	      -0.0311	 & 	       0.0400	 & 	      -0.0356	 & 	      -0.0033	 & 	      -0.0277	 & 	      -0.0392	 & 	      -0.0417	 & 	      -0.0170	 & 	      -0.0154	 & 	      -0.0878	 & 	       1.0000	 & 	      -0.0784	 & 	      -0.2145	 & 	      -0.0903	 & 	      -0.1988	 & 	      -0.1963	 & 	      -0.2037	 & 	      -0.1279	 & 	      -0.1381 \\ 
$log\_I     $	 & 	       0.0264	 & 	      -0.0168	 & 	       0.0237	 & 	      -0.0155	 & 	       0.0263	 & 	       0.0302	 & 	       0.0237	 & 	       0.0048	 & 	       0.0141	 & 	       0.9860	 & 	      -0.0784	 & 	       1.0000	 & 	      -0.8775	 & 	       0.9757	 & 	       0.9789	 & 	       0.9699	 & 	       0.9913	 & 	       0.9111	 & 	       0.9336 \\ 
$log\_p\_I  $	 & 	       0.0150	 & 	      -0.0151	 & 	       0.0174	 & 	       0.0345	 & 	       0.0133	 & 	       0.0159	 & 	       0.0228	 & 	       0.0295	 & 	       0.0206	 & 	      -0.8705	 & 	      -0.2145	 & 	      -0.8775	 & 	       1.0000	 & 	      -0.8631	 & 	      -0.8323	 & 	      -0.8313	 & 	      -0.8198	 & 	      -0.6874	 & 	      -0.6713 \\ 
$log\_C     $	 & 	       0.0153	 & 	      -0.0094	 & 	       0.0086	 & 	       0.0027	 & 	       0.0174	 & 	       0.0189	 & 	       0.0102	 & 	       0.0062	 & 	       0.0112	 & 	       0.9986	 & 	      -0.0903	 & 	       0.9757	 & 	      -0.8631	 & 	       1.0000	 & 	       0.9926	 & 	       0.9942	 & 	       0.9679	 & 	       0.8200	 & 	       0.8889 \\ 
$log\_N     $	 & 	       0.0213	 & 	      -0.0156	 & 	       0.0161	 & 	      -0.0014	 & 	       0.0225	 & 	       0.0258	 & 	       0.0180	 & 	       0.0077	 & 	       0.0135	 & 	       0.9937	 & 	      -0.1988	 & 	       0.9789	 & 	      -0.8323	 & 	       0.9926	 & 	       1.0000	 & 	       0.9988	 & 	       0.9851	 & 	       0.8467	 & 	       0.9048 \\ 
$log\_NC    $	 & 	       0.0179	 & 	      -0.0132	 & 	       0.0119	 & 	       0.0020	 & 	       0.0196	 & 	       0.0222	 & 	       0.0140	 & 	       0.0071	 & 	       0.0120	 & 	       0.9927	 & 	      -0.1963	 & 	       0.9699	 & 	      -0.8313	 & 	       0.9942	 & 	       0.9988	 & 	       1.0000	 & 	       0.9753	 & 	       0.8209	 & 	       0.8878 \\ 
$log\_NI    $	 & 	       0.0327	 & 	      -0.0233	 & 	       0.0305	 & 	      -0.0130	 & 	       0.0321	 & 	       0.0377	 & 	       0.0316	 & 	       0.0096	 & 	       0.0185	 & 	       0.9780	 & 	      -0.2037	 & 	       0.9913	 & 	      -0.8198	 & 	       0.9679	 & 	       0.9851	 & 	       0.9753	 & 	       1.0000	 & 	       0.9195	 & 	       0.9460 \\ 
$log\_util  $	 & 	       0.0985	 & 	      -0.0040	 & 	       0.0976	 & 	      -0.0303	 & 	       0.0942	 & 	       0.0866	 & 	       0.0867	 & 	       0.0621	 & 	       0.0751	 & 	       0.8460	 & 	      -0.1279	 & 	       0.9111	 & 	      -0.6874	 & 	       0.8200	 & 	       0.8467	 & 	       0.8209	 & 	       0.9195	 & 	       1.0000	 & 	       0.9677 \\ 
$log\_D     $	 & 	       0.0585	 & 	      -0.0091	 & 	       0.0551	 & 	      -0.0074	 & 	       0.0572	 & 	       0.0546	 & 	       0.0514	 & 	       0.0387	 & 	       0.0498	 & 	       0.9039	 & 	      -0.1381	 & 	       0.9336	 & 	      -0.6713	 & 	       0.8889	 & 	       0.9048	 & 	       0.8878	 & 	       0.9460	 & 	       0.9677	 & 	       1.0000 \\ 
\end{longtable}
 \end{center}
% End of TeX file.
