Starting Dynare (version 5.4).
Calling Dynare with arguments: none
Starting preprocessing of the model file ...
Found 62 equation(s).
Evaluating expressions...done
Computing static model derivatives (order 1).
Computing dynamic model derivatives (order 1).
Processing outputs ...
done
Preprocessing completed.





Residuals of the static equations:

Equation number 1 : 0 : Labor composite
Equation number 2 : 0 : Labor leisure:C
Equation number 3 : 0 : Labor leisure:I
Equation number 4 : 0 : Shopping:C
Equation number 5 : 0 : Shopping:I
Equation number 6 : 0 : Composite utility term
Equation number 7 : 0 : Investment adjustment cost function
Equation number 8 : 0 : Investment adjustment cost function: derivative
Equation number 9 : 0 : Investment growth
Equation number 10 : 0 : Tobins Q
Equation number 11 : 0 : Euler equation: C
Equation number 12 : 0 : Euler equation: I
Equation number 13 : 0 : Utilization: C
Equation number 14 : 0 : Utilization: I
Equation number 15 : 0 : Depreciation rate: C
Equation number 16 : 0 : Depreciation rate: I
Equation number 17 : 0 : Depreciation rate derivative: C
Equation number 18 : 0 : Depreciation rate derivative: I
Equation number 19 : 0 : Consumption production
Equation number 20 : 0 : Investment production
Equation number 21 : 0 : Capital law of motion
Equation number 22 : 0 : Labor demand:C
Equation number 23 : 0 : Labor demand:I
Equation number 24 : 0 : Capital demand:C
Equation number 25 : 0 : Capital demand:I
Equation number 26 : 0 : Labor composition
Equation number 27 : 0 : Capital composition
Equation number 28 : 0 : Shopping composition
Equation number 29 : 0 : Output (base-year prices)
Equation number 30 : 0 : Capacity utilization
Equation number 31 : 0 : stochastic trend process
Equation number 32 : 0 : Stationary TFP process
Equation number 33 : 0 : Independent component of I-specific tech
Equation number 34 : 0 : Investment-specific TFP process
Equation number 35 : 0 : Labor supply process
Equation number 36 : 0 : Shopping effort process
Equation number 37 : 0 : Relative shopping effort process
Equation number 38 : 0 : Consumption preference process
Equation number 39 : 0 : Definition log output
Equation number 40 : 0 : Definition log consumption
Equation number 41 : 0 : Definition log investment
Equation number 42 : 0 : Definition log hours
Equation number 43 : 0 : log_NC
Equation number 44 : 0 : log_NI
Equation number 45 : 0 : log capital
Equation number 46 : 0 : Definition log labor productivity
Equation number 47 : 0 : Definition log shopping effort
Equation number 48 : 0 : Definition of log relative investment  price
Equation number 49 : 0 : Definition of log capacity utilization
Equation number 50 : 0 : Definition of log Solow residual
Equation number 51 : 0 : C_obs
Equation number 52 : 0 : I_obs
Equation number 53 : 0 : Y_obs
Equation number 54 : 0 : Y_N_obs
Equation number 55 : 0 : K_obs
Equation number 56 : 0 : SR_obs
Equation number 57 : 0 : p_I_obs
Equation number 58 : 0 : N_obs
Equation number 59 : 0 : NC_obs
Equation number 60 : 0 : NI_obs
Equation number 61 : 0 : util_obs
Equation number 62 : 0 : D_obs



STEADY-STATE RESULTS:

Y          		 1
C          		 0.8
I          		 0.2
K          		 11.0496
K_C        		 8.83969
K_I        		 2.20992
N          		 0.3
N_C        		 0.24
N_I        		 0.06
N_comp     		 0.3
Z_C        		 0
u_ZI       		 0
Z_I        		 0
theta_N    		 0
theta_D    		 0
theta_I    		 0
theta_C    		 0
R_C        		 0.0348329
R_I        		 0.0348329
W_C        		 2.23333
W_I        		 2.23333
h_C        		 1
h_I        		 1
delta_C    		 0.0136717
delta_I    		 0.0136717
delta_C_pr 		 0.0235251
delta_I_pr 		 0.0235251
S          		 0
S_pr       		 0
D          		 0.82902
D_C        		 0.663216
D_I        		 0.165804
Gam        		 0.476477
p_I        		 1
Q          		 1.48067
x          		 1.00451
log_SR     		 0
util       		 0.81
g          		 0.0045
log_Y      		 0
log_C      		 0
log_I      		 0
log_N      		 0
log_NC     		 0
log_NI     		 0
log_K      		 0
log_Y_N    		 0
log_D      		 0
log_p_I    		 0
log_util   		 0
C_obs      		 0
I_obs      		 0
Y_obs      		 0
Y_N_obs    		 0
p_I_obs    		 0
N_obs      		 0
NC_obs     		 0
NI_obs     		 0
util_obs   		 0
D_obs      		 0
K_obs      		 0
SR_obs     		 0

EIGENVALUES:
         Modulus             Real        Imaginary

               0                0                0
               0                0                0
               0                0                0
       2.459e-18        2.459e-18                0
       1.378e-17       -1.378e-17                0
       2.077e-17        2.077e-17                0
       2.899e-17        2.899e-17                0
       8.095e-17       -8.095e-17                0
       1.397e-16        1.397e-16                0
       2.437e-10       -2.437e-10                0
       2.437e-10        2.437e-10                0
       1.595e-09       -1.595e-09                0
       1.595e-09        1.595e-09                0
         0.06307          0.06307                0
             0.1              0.1                0
          0.5468           0.5468                0
             0.9              0.9                0
             0.9              0.9                0
             0.9              0.9                0
             0.9              0.9                0
             0.9              0.9                0
             0.9              0.9                0
          0.9924           0.9924                0
           1.013            1.013                0
           1.853            1.853                0
       7.349e+15        7.349e+15                0
       9.738e+16       -9.738e+16                0
       2.663e+17       -2.663e+17                0
       7.455e+17        7.455e+17                0
        9.35e+17        -9.35e+17                0
       1.253e+18       -1.253e+18                0
       1.639e+18       -1.639e+18                0
       4.031e+18        4.031e+18                0
       5.146e+18        5.146e+18                0
       4.443e+19        4.443e+19                0


There are 12 eigenvalue(s) larger than 1 in modulus 
for 12 forward-looking variable(s)

The rank condition is verified.


Initial value of the log posterior (or likelihood): 3115.5346

POSTERIOR KERNEL OPTIMIZATION PROBLEM!
 (minus) the hessian matrix at the "mode" is not positive definite!
=> posterior variance of the estimated parameters are not positive.
You should try to change the initial values of the parameters using
the estimated_params_init block, or use another optimization routine.
[Warning: The results below are most likely wrong!] 
[> In <a href="matlab:matlab.internal.language.introspective.errorDocCallback('dynare_estimation_1', 'C:\dynare\5.4\matlab\dynare_estimation_1.m', 318)" style="font-weight:bold">dynare_estimation_1</a> (<a href="matlab: opentoline('C:\dynare\5.4\matlab\dynare_estimation_1.m',318,0)">line 318</a>)
In <a href="matlab:matlab.internal.language.introspective.errorDocCallback('dynare_estimation', 'C:\dynare\5.4\matlab\dynare_estimation.m', 118)" style="font-weight:bold">dynare_estimation</a> (<a href="matlab: opentoline('C:\dynare\5.4\matlab\dynare_estimation.m',118,0)">line 118</a>)
In <a href="matlab:matlab.internal.language.introspective.errorDocCallback('BRS_growth.driver', 'C:\Users\msilva913\Documents\GitHub\Shopping-effort-variable-capital-utilization-and-Solow-residual\Programs\Estimation BRS\+BRS_growth\driver.m', 693)" style="font-weight:bold">BRS_growth.driver</a> (<a href="matlab: opentoline('C:\Users\msilva913\Documents\GitHub\Shopping-effort-variable-capital-utilization-and-Solow-residual\Programs\Estimation BRS\+BRS_growth\driver.m',693,0)">line 693</a>)
In <a href="matlab:matlab.internal.language.introspective.errorDocCallback('dynare', 'C:\dynare\5.4\matlab\dynare.m', 278)" style="font-weight:bold">dynare</a> (<a href="matlab: opentoline('C:\dynare\5.4\matlab\dynare.m',278,0)">line 278</a>)] 

MODE CHECK

Fval obtained by the minimization routine (minus the posterior/likelihood)): -3115.534610
[Warning: Matrix is singular, close to singular or badly scaled. Results may be inaccurate. RCOND = NaN.] 
[> In <a href="matlab:matlab.internal.language.introspective.errorDocCallback('dynare_estimation_1', 'C:\dynare\5.4\matlab\dynare_estimation_1.m', 341)" style="font-weight:bold">dynare_estimation_1</a> (<a href="matlab: opentoline('C:\dynare\5.4\matlab\dynare_estimation_1.m',341,0)">line 341</a>)
In <a href="matlab:matlab.internal.language.introspective.errorDocCallback('dynare_estimation', 'C:\dynare\5.4\matlab\dynare_estimation.m', 118)" style="font-weight:bold">dynare_estimation</a> (<a href="matlab: opentoline('C:\dynare\5.4\matlab\dynare_estimation.m',118,0)">line 118</a>)
In <a href="matlab:matlab.internal.language.introspective.errorDocCallback('BRS_growth.driver', 'C:\Users\msilva913\Documents\GitHub\Shopping-effort-variable-capital-utilization-and-Solow-residual\Programs\Estimation BRS\+BRS_growth\driver.m', 693)" style="font-weight:bold">BRS_growth.driver</a> (<a href="matlab: opentoline('C:\Users\msilva913\Documents\GitHub\Shopping-effort-variable-capital-utilization-and-Solow-residual\Programs\Estimation BRS\+BRS_growth\driver.m',693,0)">line 693</a>)
In <a href="matlab:matlab.internal.language.introspective.errorDocCallback('dynare', 'C:\dynare\5.4\matlab\dynare.m', 278)" style="font-weight:bold">dynare</a> (<a href="matlab: opentoline('C:\dynare\5.4\matlab\dynare.m',278,0)">line 278</a>)
] 

RESULTS FROM POSTERIOR ESTIMATION
parameters
        prior mean     mode    s.d.  prior pstdev

gam         1.5000   2.0747     NaN   beta 0.2500 
ha          0.5000   0.5718     NaN   beta 0.2000 
m           0.2860   0.7245     NaN   gamm 0.2000 
nu          0.7200   1.4294     NaN   gamm 0.2500 
sigma_a     1.0000   0.3168     NaN   invg 1.0000 
Psi_K       4.0000   2.0732     NaN   gamm 1.0000 
eta         0.2000   0.1582     NaN   gamm 0.1500 
theta       1.0000   0.5247     NaN   gamm 0.5000 
rho_g       0.1000   0.2806     NaN   beta 0.0500 
rho_Z       0.6000   0.7538     NaN   beta 0.2000 
rho_ZI      0.6000   0.9970     NaN   beta 0.2000 
rho_N       0.6000   0.9567     NaN   beta 0.2000 
rho_D       0.6000   0.9513     NaN   beta 0.2000 
rho_DI      0.6000   0.7746     NaN   beta 0.2000 
rho_C       0.6000   0.9996     NaN   beta 0.2000 

standard deviation of shocks
        prior mean     mode    s.d.  prior pstdev

e_g         0.0100   0.0043     NaN   invg 0.1000 
e_Z         0.0100   0.0025     NaN   invg 0.1000 
e_ZI        0.0100   0.0027     NaN   invg 0.1000 
e_N         0.0100   0.0041     NaN   invg 0.1000 
e_D         0.0100   0.0817     NaN   invg 0.1000 
e_DI        0.0100   0.0028     NaN   invg 0.1000 
e_C         0.0100   0.0115     NaN   invg 0.1000 


Log data density [Laplace approximation] is NaN.

Estimation::mcmc: Total number of MH draws per chain: 400000.
Estimation::mcmc: Total number of generated MH files: 1.
Estimation::mcmc: I'll use mh-files 1 to 1.
Estimation::mcmc: In MH-file number 1 I'll start at line 120001.
Estimation::mcmc: Finally I keep 280000 draws per chain.



MCMC Inefficiency factors per block
Parameter       Block 1     Block 2
SE_e_g           79.476      72.642
SE_e_Z          100.839      97.430
SE_e_ZI         136.058     144.227
SE_e_N          549.220     551.491
SE_e_D          737.892     746.145
SE_e_DI         225.048     197.241
SE_e_C          415.929     455.134
gam             743.999     745.969
ha              737.759     740.740
m               744.136     739.605
nu              742.665     747.485
sigma_a         732.613     737.753
Psi_K           743.921     747.934
eta             741.671     747.374
theta           743.170     744.761
rho_g           745.377     735.303
rho_Z           745.978     742.694
rho_ZI          172.458     186.767
rho_N           746.419     747.110
rho_D           737.440     736.809
rho_DI          742.024     740.329
rho_C            42.677      50.378

Estimation::mcmc::diagnostics: Univariate convergence diagnostic, Brooks and Gelman (1998):
    Parameter 1...  Done! 
    Parameter 2...  Done! 
    Parameter 3...  Done! 
    Parameter 4...  Done! 
    Parameter 5...  Done! 
    Parameter 6...  Done! 
    Parameter 7...  Done! 
    Parameter 8...  Done! 
    Parameter 9...  Done! 
    Parameter 10...  Done! 
    Parameter 11...  Done! 
    Parameter 12...  Done! 
    Parameter 13...  Done! 
    Parameter 14...  Done! 
    Parameter 15...  Done! 
    Parameter 16...  Done! 
    Parameter 17...  Done! 
    Parameter 18...  Done! 
    Parameter 19...  Done! 
    Parameter 20...  Done! 
    Parameter 21...  Done! 
    Parameter 22...  Done! 

Estimation::marginal density: I'm computing the posterior mean and covariance...  Done!
Estimation::marginal density: I'm computing the posterior log marginal density (modified harmonic mean)... Done!


ESTIMATION RESULTS

Log data density is 3017.907160.

parameters
          prior mean   post. mean        90% HPD interval    prior       pstdev

gam            1.500       2.1007      2.0563      2.1483     beta       0.2500
ha             0.500       0.5739      0.5401      0.6085     beta       0.2000
m              0.286       0.7499      0.7250      0.7804     gamm       0.2000
nu             0.720       1.5887      1.5365      1.6611     gamm       0.2500
sigma_a        1.000       0.3495      0.2714      0.4584     invg       1.0000
Psi_K          4.000       2.1717      1.9213      2.5622     gamm       1.0000
eta            0.200       0.1623      0.1194      0.1898     gamm       0.1500
theta          1.000       0.7038      0.5463      0.8816     gamm       0.5000
rho_g          0.100       0.2817      0.2731      0.2934     beta       0.0500
rho_Z          0.600       0.7211      0.6896      0.7509     beta       0.2000
rho_ZI         0.600       0.9968      0.9955      0.9982     beta       0.2000
rho_N          0.600       0.9641      0.9314      0.9997     beta       0.2000
rho_D          0.600       0.9483      0.9288      0.9678     beta       0.2000
rho_DI         0.600       0.8115      0.7176      0.8985     beta       0.2000
rho_C          0.600       0.9996      0.9994      0.9998     beta       0.2000

standard deviation of shocks
          prior mean   post. mean        90% HPD interval    prior       pstdev

e_g            0.010       0.0043      0.0039      0.0046     invg       0.1000
e_Z            0.010       0.0026      0.0022      0.0030     invg       0.1000
e_ZI           0.010       0.0027      0.0021      0.0032     invg       0.1000
e_N            0.010       0.0044      0.0025      0.0063     invg       0.1000
e_D            0.010       0.0811      0.0655      0.1005     invg       0.1000
e_DI           0.010       0.0028      0.0021      0.0036     invg       0.1000
e_C            0.010       0.0108      0.0096      0.0121     invg       0.1000

MODEL SUMMARY

  Number of variables:         62
  Number of stochastic shocks: 7
  Number of state variables:   23
  Number of jumpers:           12
  Number of static variables:  29


MATRIX OF COVARIANCE OF EXOGENOUS SHOCKS
Variables         e_g       e_Z      e_ZI       e_N       e_D      e_DI       e_C
e_g          0.000018  0.000000  0.000000  0.000000  0.000000  0.000000  0.000000
e_Z          0.000000  0.000007  0.000000  0.000000  0.000000  0.000000  0.000000
e_ZI         0.000000  0.000000  0.000007  0.000000  0.000000  0.000000  0.000000
e_N          0.000000  0.000000  0.000000  0.000020  0.000000  0.000000  0.000000
e_D          0.000000  0.000000  0.000000  0.000000  0.006575  0.000000  0.000000
e_DI         0.000000  0.000000  0.000000  0.000000  0.000000  0.000008  0.000000
e_C          0.000000  0.000000  0.000000  0.000000  0.000000  0.000000  0.000118



THEORETICAL MOMENTS
VARIABLE         MEAN  STD. DEV.   VARIANCE
Y_obs          0.0000     0.0099     0.0001
Y_N_obs        0.0000     0.0086     0.0001
SR_obs         0.0000     0.0077     0.0001
I_obs          0.0000     0.0243     0.0006
p_I_obs        0.0000     0.0061     0.0000
C_obs          0.0000     0.0069     0.0000
NC_obs         0.0000     0.0087     0.0001
NI_obs         0.0000     0.0158     0.0003
util_obs       0.0000     0.0077     0.0001
D_obs          0.0000     0.0126     0.0002
log_Y          0.0000     0.1688     0.0285
log_Y_N        0.0000     0.1835     0.0337
log_SR         0.0000     0.1301     0.0169
log_I          0.0000     0.2780     0.0773
log_p_I        0.0000     0.1412     0.0199
log_C          0.0000     0.1548     0.0240
log_N          0.0000     0.3099     0.0961
log_NC         0.0000     0.3109     0.0967
log_NI         0.0000     0.3100     0.0961
log_util       0.0000     0.0649     0.0042
log_D          0.0000     0.0834     0.0070



VARIANCE DECOMPOSITION (in percent)
               e_g     e_Z    e_ZI     e_N     e_D    e_DI     e_C
Y_obs        15.13   11.04    0.74    0.14   68.00    0.19    4.75
Y_N_obs      23.46    4.80    0.78    9.12   14.73    0.25   46.85
SR_obs       27.52    8.85    1.02    4.46   39.00    0.31   18.84
I_obs         1.64   11.66    1.78    0.16   80.89    0.79    3.07
p_I_obs       0.13   53.84   24.93    0.01    6.96   13.97    0.16
C_obs        37.34   10.43    0.14    0.09   46.33    0.00    5.66
NC_obs        0.10    1.72    0.02   10.66   13.10    0.00   74.39
NI_obs        0.96    4.77    0.45    4.12   58.03    0.20   31.47
util_obs      0.52    4.77    0.27    0.06   91.84    0.31    2.23
D_obs         0.00    0.11    0.00    0.00   97.88    0.00    2.00
log_Y         0.08   26.29    2.10    0.02    7.21    0.01   64.30
log_Y_N       0.01   10.02    0.81    0.24    1.15    0.00   87.77
log_SR        1.01    5.97    0.47    0.21    3.71    0.01   88.62
log_I         0.40   59.45    4.84    0.04   14.48    0.06   20.73
log_p_I       0.03   92.01    7.56    0.00    0.28    0.08    0.02
log_C         0.42   14.66    1.17    0.02    4.45    0.00   79.29
log_N         0.01    0.86    0.07    0.14    0.68    0.00   98.25
log_NC        0.03    0.99    0.08    0.13    0.38    0.00   98.39
log_NI        0.07    1.15    0.09    0.18    3.26    0.00   95.25
log_util      1.49    9.01    0.72    0.01   30.59    0.04   58.14
log_D         0.01    1.01    0.08    0.00   24.96    0.00   73.95

CONDITIONAL VARIANCE DECOMPOSITION (in percent)
Period 1:
               e_g     e_Z    e_ZI     e_N     e_D    e_DI     e_C
Y_obs        17.38   11.10    0.67    0.13   65.92    0.19    4.62
Y_N_obs      24.01    3.07    0.79    9.93   10.21    0.26   51.73
SR_obs       30.30    7.44    1.05    5.22   33.85    0.32   21.81
I_obs         0.76    9.46    1.64    0.17   83.72    0.77    3.47
p_I_obs       0.06    0.24   63.83    0.01    2.81   32.97    0.08
C_obs        42.30   10.43    0.13    0.08   42.29    0.00    4.76
NC_obs        0.01    1.46    0.02   10.76   11.73    0.00   76.02
NI_obs        0.75    5.20    0.11    4.50   54.59    0.02   34.83
util_obs      0.62    0.39    0.01    0.03   97.31    0.34    1.29
D_obs         0.00    0.11    0.00    0.00   97.85    0.00    2.04
log_Y         0.59   13.35    0.80    0.16   79.32    0.23    5.55
log_Y_N       0.19    4.04    1.04   13.05   13.41    0.34   67.94
log_SR        0.48   10.63    1.50    7.46   48.33    0.46   31.15
log_I         1.35    9.41    1.63    0.17   83.23    0.77    3.45
log_p_I       0.06    0.24   63.83    0.01    2.81   32.97    0.08
log_C         0.11   18.06    0.22    0.15   73.23    0.00    8.25
log_N         0.10    2.50    0.00    9.09   22.73    0.00   65.57
log_NC        0.01    1.46    0.02   10.76   11.73    0.00   76.02
log_NI        0.75    5.20    0.11    4.50   54.59    0.02   34.83
log_util      0.62    0.39    0.01    0.03   97.31    0.34    1.29
log_D         0.00    0.11    0.00    0.00   97.85    0.00    2.04
Period 4:
               e_g     e_Z    e_ZI     e_N     e_D    e_DI     e_C
Y_obs        15.64   11.36    0.76    0.14   67.02    0.18    4.90
Y_N_obs      23.71    4.73    0.79    9.10   14.07    0.24   47.36
SR_obs       28.54    8.89    1.04    4.59   37.12    0.29   19.54
I_obs         1.56   11.21    1.87    0.17   81.20    0.74    3.25
p_I_obs       0.11   50.40   27.34    0.01    7.12   14.85    0.16
C_obs        38.15   10.22    0.14    0.09   45.68    0.00    5.72
NC_obs        0.09    1.65    0.02   10.58   12.79    0.00   74.88
NI_obs        0.90    4.85    0.45    4.19   56.87    0.19   32.56
util_obs      0.53    4.87    0.27    0.06   91.62    0.30    2.35
D_obs         0.00    0.11    0.00    0.00   97.84    0.00    2.04
log_Y         0.41   13.58    0.98    0.16   78.63    0.18    6.04
log_Y_N       0.22   11.12    1.43    8.89   31.18    0.29   46.87
log_SR        2.01   16.44    1.68    3.52   63.10    0.32   12.93
log_I         0.31   12.94    2.13    0.17   80.67    0.68    3.11
log_p_I       0.02   57.77   24.81    0.02    9.26    7.92    0.19
log_C         0.81   14.12    0.23    0.15   74.59    0.00   10.09
log_N         0.13    2.58    0.05    6.89   31.54    0.01   58.79
log_NC        0.13    2.14    0.03    8.51   17.19    0.00   72.00
log_NI        0.24    3.13    0.13    3.15   65.71    0.09   27.56
log_util      0.51    2.19    0.26    0.01   93.87    0.24    2.90
log_D         0.01    0.16    0.00    0.00   97.32    0.00    2.50
Period 8:
               e_g     e_Z    e_ZI     e_N     e_D    e_DI     e_C
Y_obs        15.54   11.30    0.76    0.14   67.19    0.19    4.87
Y_N_obs      23.65    4.81    0.79    9.11   14.18    0.25   47.22
SR_obs       28.29    8.86    1.03    4.56   37.58    0.31   19.37
I_obs         1.70   11.79    1.84    0.16   80.53    0.78    3.19
p_I_obs       0.13   53.60   25.29    0.01    6.72   14.09    0.16
C_obs        37.94   10.47    0.14    0.09   45.61    0.00    5.74
NC_obs        0.10    1.71    0.02   10.60   12.82    0.00   74.75
NI_obs        0.98    4.83    0.46    4.16   57.12    0.20   32.25
util_obs      0.53    4.90    0.27    0.06   91.59    0.32    2.32
D_obs         0.00    0.11    0.00    0.00   97.85    0.00    2.03
log_Y         0.33   15.14    1.20    0.17   76.24    0.14    6.79
log_Y_N       0.17   15.55    1.65    7.21   33.17    0.20   42.04
log_SR        2.88   20.59    1.93    2.81   60.86    0.21   10.73
log_I         0.21   19.53    2.63    0.17   74.05    0.51    2.91
log_p_I       0.04   77.30   14.36    0.01    5.43    2.76    0.10
log_C         1.45   11.05    0.26    0.16   74.79    0.00   12.29
log_N         0.12    2.31    0.09    6.00   31.78    0.01   59.69
log_NC        0.26    1.79    0.04    7.29   17.67    0.00   72.95
log_NI        0.17    3.15    0.26    2.86   65.62    0.11   27.82
log_util      0.65    3.89    0.40    0.01   91.20    0.17    3.66
log_D         0.01    0.18    0.01    0.00   96.74    0.00    3.06
Period 40:
               e_g     e_Z    e_ZI     e_N     e_D    e_DI     e_C
Y_obs        15.16   11.02    0.74    0.14   68.00    0.19    4.75
Y_N_obs      23.48    4.78    0.78    9.12   14.72    0.25   46.87
SR_obs       27.57    8.73    1.01    4.47   39.03    0.31   18.88
I_obs         1.65   11.54    1.78    0.16   81.00    0.79    3.08
p_I_obs       0.13   53.64   25.03    0.01    6.99   14.05    0.16
C_obs        37.39   10.41    0.14    0.09   46.30    0.00    5.66
NC_obs        0.10    1.71    0.02   10.66   13.09    0.00   74.42
NI_obs        0.96    4.75    0.45    4.12   58.03    0.20   31.49
util_obs      0.51    4.73    0.26    0.06   91.90    0.31    2.23
D_obs         0.00    0.11    0.00    0.00   97.88    0.00    2.00
log_Y         0.32   30.39    2.45    0.15   53.54    0.05   13.09
log_Y_N       0.10   27.20    2.30    3.73   17.75    0.05   48.87
log_SR        5.78   35.67    2.86    2.27   34.38    0.08   18.96
log_I         0.49   50.71    4.45    0.11   40.37    0.17    3.70
log_p_I       0.06   90.11    8.31    0.00    1.12    0.36    0.03
log_C         2.99   11.03    0.69    0.17   59.37    0.00   25.73
log_N         0.10    2.47    0.18    3.32   16.74    0.00   77.19
log_NC        0.40    1.22    0.07    3.57    9.59    0.00   85.14
log_NI        0.42    7.47    0.62    2.22   42.07    0.05   47.16
log_util      1.74   11.53    0.95    0.01   76.30    0.09    9.38
log_D         0.01    0.45    0.03    0.01   91.13    0.00    8.37



MATRIX OF CORRELATIONS
Variables       Y_obs   Y_N_obs    SR_obs     I_obs   p_I_obs     C_obs    NC_obs    NI_obs  util_obs     D_obs     log_Y   log_Y_N    log_SR     log_I   log_p_I     log_C     log_N    log_NC    log_NI  log_util     log_D
Y_obs          1.0000    0.4454    0.7445    0.9405   -0.3272    0.9547    0.5144    0.7793    0.8672    0.7620    0.0225   -0.0013    0.0366    0.0542   -0.0013    0.0064    0.0131    0.0080    0.0333    0.0821    0.1088
Y_N_obs        0.4454    1.0000    0.9252    0.3576   -0.2362    0.4789   -0.5308   -0.1595    0.3646    0.2091    0.0127    0.0167    0.0357    0.0236   -0.0020    0.0067   -0.0030   -0.0048    0.0046    0.0520    0.0474
SR_obs         0.7445    0.9252    1.0000    0.6561   -0.3015    0.7495   -0.1811    0.2080    0.6310    0.4835   -0.0062    0.0024    0.0205   -0.0088    0.0276   -0.0045   -0.0048   -0.0058   -0.0007    0.0234    0.0520
I_obs          0.9405    0.3576    0.6561    1.0000   -0.4332    0.7968    0.5103    0.8412    0.9292    0.8305    0.0126   -0.0014    0.0394    0.0417    0.0034   -0.0015    0.0077    0.0032    0.0258    0.0658    0.0985
p_I_obs       -0.3272   -0.2362   -0.3015   -0.4332    1.0000   -0.2025   -0.1107   -0.1362   -0.3651   -0.1156   -0.0173   -0.0087   -0.0559   -0.0446    0.0216   -0.0035   -0.0042   -0.0012   -0.0164   -0.0596   -0.0280
C_obs          0.9547    0.4789    0.7495    0.7968   -0.2025    1.0000    0.4679    0.6492    0.7284    0.6278    0.0290   -0.0012    0.0305    0.0599   -0.0052    0.0126    0.0165    0.0114    0.0367    0.0884    0.1073
NC_obs         0.5144   -0.5308   -0.1811    0.5103   -0.1107    0.4679    1.0000    0.8480    0.4301    0.4635    0.0133   -0.0169    0.0017    0.0346   -0.0029    0.0025    0.0172    0.0140    0.0300    0.0346    0.0579
NI_obs         0.7793   -0.1595    0.2080    0.8412   -0.1362    0.6492    0.8480    1.0000    0.7697    0.7903    0.0067   -0.0124    0.0133    0.0289    0.0080   -0.0039    0.0110    0.0073    0.0255    0.0390    0.0835
util_obs       0.8672    0.3646    0.6310    0.9292   -0.3651    0.7284    0.4301    0.7697    1.0000    0.8692    0.0111   -0.0027    0.0256    0.0333    0.0059    0.0002    0.0076    0.0039    0.0225    0.0595    0.1034
D_obs          0.7620    0.2091    0.4835    0.8305   -0.1156    0.6278    0.4635    0.7903    0.8692    1.0000    0.0023   -0.0050    0.0083    0.0155    0.0030   -0.0038    0.0042    0.0022    0.0121    0.0218    0.0754
log_Y          0.0225    0.0127   -0.0062    0.0126   -0.0173    0.0290    0.0133    0.0067    0.0111    0.0023    1.0000   -0.5471   -0.7034    0.8654   -0.5296    0.9744    0.8686    0.8651    0.8714    0.7758    0.8768
log_Y_N       -0.0013    0.0167    0.0024   -0.0014   -0.0087   -0.0012   -0.0169   -0.0124   -0.0027   -0.0050   -0.5471    1.0000    0.9090   -0.1322   -0.3380   -0.6863   -0.8901   -0.8922   -0.8702   -0.6304   -0.7191
log_SR         0.0366    0.0357    0.0205    0.0394   -0.0559    0.0305    0.0017    0.0133    0.0256    0.0083   -0.7034    0.9090    1.0000   -0.2669   -0.0894   -0.8388   -0.9213   -0.9333   -0.8615   -0.5167   -0.7322
log_I          0.0542    0.0236   -0.0088    0.0417   -0.0446    0.0599    0.0346    0.0289    0.0333    0.0155    0.8654   -0.1322   -0.2669    1.0000   -0.8096    0.7305    0.5496    0.5367    0.5945    0.6883    0.6508
log_p_I       -0.0013   -0.0020    0.0276    0.0034    0.0216   -0.0052   -0.0029    0.0080    0.0059    0.0030   -0.5296   -0.3380   -0.0894   -0.8096    1.0000   -0.3583   -0.0883   -0.0866   -0.0941   -0.1393   -0.1176
log_C          0.0064    0.0067   -0.0045   -0.0015   -0.0035    0.0126    0.0025   -0.0039    0.0002   -0.0038    0.9744   -0.6863   -0.8388    0.7305   -0.3583    1.0000    0.9370    0.9381    0.9207    0.7484    0.9028
log_N          0.0131   -0.0030   -0.0048    0.0077   -0.0042    0.0165    0.0172    0.0110    0.0076    0.0042    0.8686   -0.8901   -0.9213    0.5496   -0.0883    0.9370    1.0000    0.9994    0.9898    0.7958    0.9033
log_NC         0.0080   -0.0048   -0.0058    0.0032   -0.0012    0.0114    0.0140    0.0073    0.0039    0.0022    0.8651   -0.8922   -0.9333    0.5367   -0.0866    0.9381    0.9994    1.0000    0.9840    0.7742    0.8926
log_NI         0.0333    0.0046   -0.0007    0.0258   -0.0164    0.0367    0.0300    0.0255    0.0225    0.0121    0.8714   -0.8702   -0.8615    0.5945   -0.0941    0.9207    0.9898    0.9840    1.0000    0.8721    0.9348
log_util       0.0821    0.0520    0.0234    0.0658   -0.0596    0.0884    0.0346    0.0390    0.0595    0.0218    0.7758   -0.6304   -0.5167    0.6883   -0.1393    0.7484    0.7958    0.7742    0.8721    1.0000    0.9188
log_D          0.1088    0.0474    0.0520    0.0985   -0.0280    0.1073    0.0579    0.0835    0.1034    0.0754    0.8768   -0.7191   -0.7322    0.6508   -0.1176    0.9028    0.9033    0.8926    0.9348    0.9188    1.0000



COEFFICIENTS OF AUTOCORRELATION
Order             1        2        3        4        5
Y_obs        0.4288   0.1764   0.0610   0.0078  -0.0165
Y_N_obs      0.1475   0.0561   0.0214   0.0065  -0.0005
SR_obs       0.2928   0.1152   0.0414   0.0082  -0.0072
I_obs        0.4716   0.2118   0.0862   0.0255  -0.0040
p_I_obs      0.4273   0.2928   0.2074   0.1475   0.1046
C_obs        0.3644   0.1274   0.0321  -0.0071  -0.0227
NC_obs       0.0901   0.0418   0.0172   0.0047  -0.0016
NI_obs       0.2382   0.0986   0.0218  -0.0116  -0.0249
util_obs     0.4326   0.1773   0.0556  -0.0027  -0.0299
D_obs        0.0105  -0.0073  -0.0163  -0.0201  -0.0213
log_Y        0.9985   0.9958   0.9924   0.9889   0.9854
log_Y_N      0.9992   0.9981   0.9970   0.9959   0.9948
log_SR       0.9987   0.9966   0.9941   0.9916   0.9890
log_I        0.9962   0.9888   0.9800   0.9705   0.9609
log_p_I      0.9991   0.9973   0.9950   0.9924   0.9894
log_C        0.9994   0.9981   0.9967   0.9951   0.9936
log_N        0.9995   0.9989   0.9982   0.9975   0.9968
log_NC       0.9996   0.9991   0.9987   0.9981   0.9976
log_NI       0.9987   0.9968   0.9946   0.9924   0.9902
log_util     0.9929   0.9797   0.9640   0.9475   0.9310
log_D        0.9886   0.9770   0.9656   0.9545   0.9438
Total computing time : 0h03m50s
Note: warning(s) encountered in MATLAB/Octave code
