Starting Dynare (version 5.4).
Calling Dynare with arguments: none
Starting preprocessing of the model file ...
Found 69 equation(s).
Evaluating expressions...done
Computing static model derivatives (order 1).
Computing dynamic model derivatives (order 1).
Processing outputs ...
done
Preprocessing completed.





Residuals of the static equations:

Equation number 1 : 0 : Labor composite
Equation number 2 : 0 : Labor leisure:C
Equation number 3 : 0 : Labor leisure:I
Equation number 4 : 0 : Shopping:C
Equation number 5 : 0 : Shopping:I
Equation number 6 : 0 : Composite utility term
Equation number 7 : 0 : Law of motion of wealth effects variable
Equation number 8 : 0 : Investment adjustment cost function:C
Equation number 9 : 0 : Investment adjustment cost function:I
Equation number 10 : 0 : Investment adjustment cost function: derivative C
Equation number 11 : 0 : Investment adjustment cost function: derivative I
Equation number 12 : 0 : Investment growth:C
Equation number 13 : 0 : Investment growth:I
Equation number 14 : 0 : Tobins Q: C
Equation number 15 : 0 : Tobins Q: I
Equation number 16 : 0 : Euler equation: C
Equation number 17 : 0 : Euler equation: I
Equation number 18 : 0 : Utilization: C
Equation number 19 : 0 : Utilization: I
Equation number 20 : 0 : Depreciation rate: C
Equation number 21 : 0 : Depreciation rate: I
Equation number 22 : 0 : Depreciation rate derivative: C
Equation number 23 : 0 : Depreciation rate derivative: I
Equation number 24 : 0 : Consumption production
Equation number 25 : 0 : Investment production
Equation number 26 : 0 : Capital law of motion:C
Equation number 27 : 0 : Capital law of motion:I
Equation number 28 : 0 : Labor demand:C
Equation number 29 : 0 : Labor demand:I
Equation number 30 : 0 : Capital demand:C
Equation number 31 : 0 : Capital demand:I
Equation number 32 : 0 : Labor composition
Equation number 33 : 0 : Capital composition
Equation number 34 : 0 : Investment composition
Equation number 35 : 0 : Shopping composition
Equation number 36 : 0 : Output (base-year prices)
Equation number 37 : 0 : Capacity utilization
Equation number 38 : 0 : stochastic trend process
Equation number 39 : 0 : Stationary TFP process
Equation number 40 : 0 : Independent component of I-specific tech
Equation number 41 : 0 : Investment-specific TFP process
Equation number 42 : 0 : Labor supply process
Equation number 43 : 0 : Shopping effort process
Equation number 44 : 0 : Relative shopping effort process
Equation number 45 : 0 : Consumption preference process
Equation number 46 : 0 : Definition log output
Equation number 47 : 0 : Definition log consumption
Equation number 48 : 0 : Definition log investment
Equation number 49 : 0 : Definition log hours
Equation number 50 : 0 : log_NC
Equation number 51 : 0 : log_NI
Equation number 52 : 0 : log capital
Equation number 53 : 0 : Definition log labor productivity
Equation number 54 : 0 : Definition log shopping effort
Equation number 55 : 0 : Definition of log relative investment  price
Equation number 56 : 0 : Definition of log capacity utilization
Equation number 57 : 0 : Definition of log Solow residual
Equation number 58 : 0 : C_obs
Equation number 59 : 0 : I_obs
Equation number 60 : 0 : Y_obs
Equation number 61 : 0 : Y_N_obs
Equation number 62 : 0 : K_obs
Equation number 63 : 0 : SR_obs
Equation number 64 : 0 : p_I_obs
Equation number 65 : 0 : N_obs
Equation number 66 : 0 : NC_obs
Equation number 67 : 0 : NI_obs
Equation number 68 : 0 : util_obs
Equation number 69 : 0 : D_obs



STEADY-STATE RESULTS:

Y          		 1
C          		 0.8
I          		 0.2
I_C        		 0.16
I_I        		 0.04
K          		 11.0496
K_C        		 8.83969
K_I        		 2.20992
N          		 0.3
N_C        		 0.24
N_I        		 0.06
N_comp     		 0.3
Z_C        		 0
u_ZI       		 0
Z_I        		 0
theta_N    		 0
theta_D    		 0
theta_I    		 0
theta_C    		 0
R_C        		 0.0348329
R_I        		 0.0348329
W_C        		 2.23333
W_I        		 2.23333
h_C        		 1
h_I        		 1
delta_C    		 0.0136717
delta_I    		 0.0136717
delta_C_pr 		 0.0235251
delta_I_pr 		 0.0235251
Sc         		 0
Si         		 0
Sc_pr      		 0
Si_pr      		 0
D          		 0.82902
D_C        		 0.663216
D_I        		 0.165804
Gam        		 0.476477
zeta       		 0.665895
p_I        		 1
Q_C        		 1.48067
Q_I        		 1.48067
x_C        		 1.00451
x_I        		 1.00451
log_SR     		 0
util       		 0.81
g          		 0.0045
log_Y      		 0
log_C      		 0
log_I      		 0
log_N      		 0
log_NC     		 0
log_NI     		 0
log_K      		 0
log_Y_N    		 0
log_D      		 0
log_p_I    		 0
log_util   		 0
C_obs      		 0
I_obs      		 0
Y_obs      		 0
Y_N_obs    		 0
p_I_obs    		 0
N_obs      		 0
NC_obs     		 0
NI_obs     		 0
util_obs   		 0
D_obs      		 0
K_obs      		 0
SR_obs     		 0

EIGENVALUES:
         Modulus             Real        Imaginary

               0                0                0
               0                0                0
       2.338e-18        2.338e-18                0
       1.287e-17       -1.287e-17                0
       2.354e-17        2.354e-17                0
       5.451e-17       -5.451e-17                0
       1.155e-16        1.155e-16                0
       5.057e-16       -5.057e-16                0
        1.09e-15         1.09e-15                0
       6.461e-15       -6.461e-15                0
       9.404e-09        6.609e-16        9.404e-09
       9.404e-09        6.609e-16       -9.404e-09
         0.06191          0.06191                0
             0.1              0.1                0
           0.442            0.442                0
          0.5529           0.5529                0
             0.9              0.9                0
             0.9              0.9                0
             0.9              0.9                0
             0.9              0.9                0
             0.9              0.9                0
             0.9              0.9                0
           0.941           0.9391          0.05906
           0.941           0.9391         -0.05906
          0.9912           0.9912                0
           1.013            1.013                0
           1.068            1.066          0.06712
           1.068            1.066         -0.06712
           1.897            1.897                0
       2.665e+17       -2.665e+17                0
       3.004e+17        3.004e+17                0
       3.014e+17       -3.014e+17                0
       4.304e+17        4.304e+17                0
       5.158e+17       -5.158e+17                0
       6.677e+17       -6.677e+17                0
       7.112e+17       -7.112e+17                0
       1.287e+18        1.287e+18                0
       1.879e+18        1.879e+18                0
       2.058e+46        2.058e+46                0
             Inf              Inf                0


There are 15 eigenvalue(s) larger than 1 in modulus 
for 15 forward-looking variable(s)

The rank condition is verified.


Initial value of the log posterior (or likelihood): 3117.3376

POSTERIOR KERNEL OPTIMIZATION PROBLEM!
 (minus) the hessian matrix at the "mode" is not positive definite!
=> posterior variance of the estimated parameters are not positive.
You should try to change the initial values of the parameters using
the estimated_params_init block, or use another optimization routine.
[Warning: The results below are most likely wrong!] 
[> In <a href="matlab:matlab.internal.language.introspective.errorDocCallback('dynare_estimation_1', 'C:\dynare\5.4\matlab\dynare_estimation_1.m', 318)" style="font-weight:bold">dynare_estimation_1</a> (<a href="matlab: opentoline('C:\dynare\5.4\matlab\dynare_estimation_1.m',318,0)">line 318</a>)
In <a href="matlab:matlab.internal.language.introspective.errorDocCallback('dynare_estimation', 'C:\dynare\5.4\matlab\dynare_estimation.m', 118)" style="font-weight:bold">dynare_estimation</a> (<a href="matlab: opentoline('C:\dynare\5.4\matlab\dynare_estimation.m',118,0)">line 118</a>)
In <a href="matlab:matlab.internal.language.introspective.errorDocCallback('BRS_gen.driver', 'C:\Users\msilva913\Documents\GitHub\Shopping-effort-variable-capital-utilization-and-Solow-residual\Programs\Estimation BRS\+BRS_gen\driver.m', 752)" style="font-weight:bold">BRS_gen.driver</a> (<a href="matlab: opentoline('C:\Users\msilva913\Documents\GitHub\Shopping-effort-variable-capital-utilization-and-Solow-residual\Programs\Estimation BRS\+BRS_gen\driver.m',752,0)">line 752</a>)
In <a href="matlab:matlab.internal.language.introspective.errorDocCallback('dynare', 'C:\dynare\5.4\matlab\dynare.m', 278)" style="font-weight:bold">dynare</a> (<a href="matlab: opentoline('C:\dynare\5.4\matlab\dynare.m',278,0)">line 278</a>)] 

MODE CHECK

Fval obtained by the minimization routine (minus the posterior/likelihood)): -3117.337574

RESULTS FROM POSTERIOR ESTIMATION
parameters
         prior mean     mode    s.d.  prior pstdev

gam          1.5000   1.9581  0.1414   beta 0.2500 
ha           0.5000   0.4598  0.0418   beta 0.2000 
nu           0.7200   1.4383  0.0000   gamm 0.2500 
sigma_s      0.5000   0.9771  0.0000   beta 0.2000 
m            0.2860   0.5152  0.0000   gamm 0.2000 
sigma_ac     1.0000   0.6538  0.1710   invg 1.0000 
sigma_ai     1.0000   0.4830  0.0000   invg 1.0000 
Psi_C        4.0000   1.1738  0.0000   gamm 1.0000 
Psi_I        4.0000   3.0237  0.9084   gamm 1.0000 
eta          0.2000   0.2353  0.0000   gamm 0.1500 
theta        1.0000   0.1005  0.0000   gamm 0.5000 
rho_g        0.1000   0.1966  0.0680   beta 0.0500 
rho_Z        0.6000   0.9933  0.0008   beta 0.2000 
rho_ZI       0.6000   0.7465  0.0300   beta 0.2000 
rho_N        0.6000   0.9968  0.0000   beta 0.2000 
rho_D        0.6000   0.2589  0.1675   beta 0.2000 
rho_DI       0.6000   0.9859  0.0000   beta 0.2000 
rho_C        0.6000   0.9932  0.0000   beta 0.2000 

standard deviation of shocks
         prior mean     mode    s.d.  prior pstdev

e_g          0.0100   0.0042  0.0000   invg 0.1000 
e_Z          0.0100   0.0024  0.0000   invg 0.1000 
e_ZI         0.0100   0.0027  0.0000   invg 0.1000 
e_N          0.0100   0.0161  0.0000   invg 0.1000 
e_D          0.0100   0.0045  0.0017   invg 0.1000 
e_DI         0.0100   0.0047  0.0011   invg 0.1000 
e_C          0.0100   0.0465  0.0094   invg 0.1000 


Log data density [Laplace approximation] is NaN.

Estimation::mcmc: Multiple chains mode.
Estimation::mcmc: Old metropolis.log file successfully erased!
Estimation::mcmc: Creation of a new metropolis.log file.
Estimation::mcmc: Searching for initial values...
Estimation::mcmc: Initial values found!

Estimation::mcmc: Write details about the MCMC... Ok!
Estimation::mcmc: Details about the MCMC are available in BRS_gen/metropolis\BRS_gen_mh_history_0.mat


Estimation::mcmc: Number of mh files: 1 per block.
Estimation::mcmc: Total number of generated files: 2.
Estimation::mcmc: Total number of iterations: 150000.
Estimation::mcmc: Current acceptance ratio per chain: 
                                                       Chain  1: 40.252%
                                                       Chain  2: 41.4047%
Estimation::mcmc: Total number of MH draws per chain: 150000.
Estimation::mcmc: Total number of generated MH files: 1.
Estimation::mcmc: I'll use mh-files 1 to 1.
Estimation::mcmc: In MH-file number 1 I'll start at line 45001.
Estimation::mcmc: Finally I keep 105000 draws per chain.



MCMC Inefficiency factors per block
Parameter       Block 1     Block 2
SE_e_g          115.104     123.635
SE_e_Z          133.957     231.397
SE_e_ZI         161.005     161.978
SE_e_N          252.650     276.024
SE_e_D          589.525     579.287
SE_e_DI         275.155     242.476
SE_e_C          676.690     673.912
gam             744.198     736.760
ha              739.463     734.223
nu              745.097     744.401
sigma_s         724.852     708.842
m               736.787     735.553
sigma_ac        740.627     735.260
sigma_ai        718.632     736.560
Psi_C           738.047     727.998
Psi_I           743.513     744.655
eta             737.350     740.643
theta           741.858     737.134
rho_g           717.949     746.294
rho_Z           242.996     342.690
rho_ZI          711.912     734.528
rho_N           445.524     621.531
rho_D           745.676     743.580
rho_DI          414.915     479.382
rho_C           353.482     592.028

Estimation::mcmc::diagnostics: Univariate convergence diagnostic, Brooks and Gelman (1998):
    Parameter 1...  Done! 
    Parameter 2...  Done! 
    Parameter 3...  Done! 
    Parameter 4...  Done! 
    Parameter 5...  Done! 
    Parameter 6...  Done! 
    Parameter 7...  Done! 
    Parameter 8...  Done! 
    Parameter 9...  Done! 
    Parameter 10...  Done! 
    Parameter 11...  Done! 
    Parameter 12...  Done! 
    Parameter 13...  Done! 
    Parameter 14...  Done! 
    Parameter 15...  Done! 
    Parameter 16...  Done! 
    Parameter 17...  Done! 
    Parameter 18...  Done! 
    Parameter 19...  Done! 
    Parameter 20...  Done! 
    Parameter 21...  Done! 
    Parameter 22...  Done! 
    Parameter 23...  Done! 
    Parameter 24...  Done! 
    Parameter 25...  Done! 

Estimation::marginal density: I'm computing the posterior mean and covariance...  Done!
Estimation::marginal density: I'm computing the posterior log marginal density (modified harmonic mean)... Done!


ESTIMATION RESULTS

Log data density is 3016.067067.

parameters
           prior mean   post. mean        90% HPD interval    prior       pstdev

gam             1.500       1.9051      1.8157      1.9894     beta       0.2500
ha              0.500       0.4380      0.4047      0.4822     beta       0.2000
nu              0.720       1.3828      1.2956      1.4620     gamm       0.2500
sigma_s         0.500       0.9736      0.9525      0.9947     beta       0.2000
m               0.286       0.5009      0.4419      0.5482     gamm       0.2000
sigma_ac        1.000       0.6882      0.4470      0.9296     invg       1.0000
sigma_ai        1.000       0.4584      0.2956      0.6630     invg       1.0000
Psi_C           4.000       1.1851      0.6362      1.7039     gamm       1.0000
Psi_I           4.000       3.0655      2.4903      3.5271     gamm       1.0000
eta             0.200       0.2640      0.1856      0.3226     gamm       0.1500
theta           1.000       0.1167      0.0292      0.2135     gamm       0.5000
rho_g           0.100       0.1887      0.1679      0.2069     beta       0.0500
rho_Z           0.600       0.9924      0.9902      0.9945     beta       0.2000
rho_ZI          0.600       0.7660      0.7263      0.8161     beta       0.2000
rho_N           0.600       0.9947      0.9888      0.9999     beta       0.2000
rho_D           0.600       0.3298      0.2008      0.4289     beta       0.2000
rho_DI          0.600       0.9837      0.9782      0.9891     beta       0.2000
rho_C           0.600       0.9915      0.9882      0.9947     beta       0.2000

standard deviation of shocks
           prior mean   post. mean        90% HPD interval    prior       pstdev

e_g             0.010       0.0043      0.0038      0.0047     invg       0.1000
e_Z             0.010       0.0023      0.0019      0.0028     invg       0.1000
e_ZI            0.010       0.0027      0.0021      0.0033     invg       0.1000
e_N             0.010       0.0164      0.0150      0.0178     invg       0.1000
e_D             0.010       0.0061      0.0027      0.0100     invg       0.1000
e_DI            0.010       0.0046      0.0029      0.0063     invg       0.1000
e_C             0.010       0.0433      0.0368      0.0504     invg       0.1000

MODEL SUMMARY

  Number of variables:         69
  Number of stochastic shocks: 7
  Number of state variables:   25
  Number of jumpers:           15
  Number of static variables:  31


MATRIX OF COVARIANCE OF EXOGENOUS SHOCKS
Variables         e_g       e_Z      e_ZI       e_N       e_D      e_DI       e_C
e_g          0.000018  0.000000  0.000000  0.000000  0.000000  0.000000  0.000000
e_Z          0.000000  0.000005  0.000000  0.000000  0.000000  0.000000  0.000000
e_ZI         0.000000  0.000000  0.000007  0.000000  0.000000  0.000000  0.000000
e_N          0.000000  0.000000  0.000000  0.000269  0.000000  0.000000  0.000000
e_D          0.000000  0.000000  0.000000  0.000000  0.000037  0.000000  0.000000
e_DI         0.000000  0.000000  0.000000  0.000000  0.000000  0.000021  0.000000
e_C          0.000000  0.000000  0.000000  0.000000  0.000000  0.000000  0.001876



THEORETICAL MOMENTS
VARIABLE         MEAN  STD. DEV.   VARIANCE
Y_obs          0.0000     0.0078     0.0001
Y_N_obs        0.0000     0.0090     0.0001
SR_obs         0.0000     0.0075     0.0001
I_obs          0.0000     0.0200     0.0004
p_I_obs        0.0000     0.0053     0.0000
C_obs          0.0000     0.0056     0.0000
NC_obs         0.0000     0.0084     0.0001
NI_obs         0.0000     0.0168     0.0003
util_obs       0.0000     0.0049     0.0000
D_obs          0.0000     0.0103     0.0001
log_Y          0.0000     0.1184     0.0140
log_Y_N        0.0000     0.1160     0.0135
log_SR         0.0000     0.0618     0.0038
log_I          0.0000     0.2462     0.0606
log_p_I        0.0000     0.0699     0.0049
log_C          0.0000     0.0949     0.0090
log_N          0.0000     0.0927     0.0086
log_NC         0.0000     0.0888     0.0079
log_NI         0.0000     0.1527     0.0233
log_util       0.0000     0.0425     0.0018
log_D          0.0000     0.0877     0.0077



VARIANCE DECOMPOSITION (in percent)
               e_g     e_Z    e_ZI     e_N     e_D    e_DI     e_C
Y_obs        21.90   18.85    0.75   11.38    0.58    0.81   45.72
Y_N_obs      15.74   19.50    0.60   48.82    0.72    0.54   14.08
SR_obs       23.14   24.91    0.84   21.15    0.90    0.80   28.27
I_obs         2.66   15.49    2.87    6.23    0.33    2.48   69.93
p_I_obs       0.04   34.96   36.85    0.20    0.02   23.31    4.61
C_obs        48.39   18.90    0.00   13.35    0.66    0.03   18.67
NC_obs        0.17    4.16    0.01   94.69    0.17    0.01    0.79
NI_obs        1.28    1.77    0.83   42.13    0.05    0.56   53.38
util_obs      0.67    4.29    0.28    2.32    1.70    1.88   88.87
D_obs         0.02    0.40    0.01    0.29    2.69    0.01   96.59
log_Y         0.10   39.34    0.02   12.30    0.00    0.45   47.79
log_Y_N       0.35   42.81    0.01   17.99    0.00    0.39   38.45
log_SR        1.04   43.84    0.05   30.23    0.01    0.44   24.39
log_I         0.24   43.58    0.11    4.21    0.00    1.24   50.62
log_p_I       0.01   94.88    0.44    0.01    0.00    4.17    0.50
log_C         0.60   33.99    0.00   17.69    0.00    0.19   47.51
log_N         0.12    0.76    0.00   94.92    0.00    0.03    4.17
log_NC        0.00    0.33    0.00   99.42    0.00    0.00    0.24
log_NI        1.03    7.91    0.04   41.13    0.00    0.41   49.48
log_util      1.28   11.71    0.02    1.51    0.03    1.28   84.17
log_D         0.01    2.10    0.00    0.98    0.03    0.02   96.87

CONDITIONAL VARIANCE DECOMPOSITION (in percent)
Period 1:
               e_g     e_Z    e_ZI     e_N     e_D    e_DI     e_C
Y_obs        25.05   15.41    0.74   11.76    0.56    0.75   45.73
Y_N_obs      15.99   18.87    0.58   50.62    0.53    0.55   12.86
SR_obs       24.46   23.79    0.83   22.55    0.72    0.80   26.85
I_obs         1.78    8.62    3.08    7.51    0.33    2.50   76.19
p_I_obs       0.05    0.30   53.77    0.30    0.02   38.42    7.15
C_obs        52.72   17.24    0.00   12.14    0.60    0.02   17.27
NC_obs        0.14    3.47    0.00   95.57    0.07    0.00    0.73
NI_obs        0.47    0.47    0.06   48.08    0.04    0.00   50.88
util_obs      0.75    0.45    0.00    0.09    1.63    2.01   95.07
D_obs         0.02    0.34    0.00    0.26    1.85    0.00   97.53
log_Y         1.32   20.30    0.98   15.48    0.73    0.99   60.21
log_Y_N       0.85   22.28    0.68   59.74    0.63    0.65   15.17
log_SR        1.39   31.05    1.08   29.44    0.94    1.05   35.05
log_I         1.27    8.67    3.09    7.54    0.34    2.51   76.58
log_p_I       0.05    0.30   53.77    0.30    0.02   38.42    7.15
log_C         1.19   36.04    0.00   25.38    1.25    0.05   36.10
log_N         0.00    1.34    0.00   95.21    0.02    0.00    3.42
log_NC        0.14    3.47    0.00   95.57    0.07    0.00    0.73
log_NI        0.47    0.47    0.06   48.08    0.04    0.00   50.88
log_util      0.75    0.45    0.00    0.09    1.63    2.01   95.07
log_D         0.02    0.34    0.00    0.26    1.85    0.00   97.53
Period 4:
               e_g     e_Z    e_ZI     e_N     e_D    e_DI     e_C
Y_obs        22.21   18.15    0.69   11.49    0.58    0.81   46.06
Y_N_obs      15.83   19.31    0.58   48.98    0.72    0.54   14.06
SR_obs       23.49   24.56    0.80   21.45    0.91    0.79   28.01
I_obs         2.73   13.17    2.68    6.47    0.35    2.52   72.09
p_I_obs       0.04   30.93   39.03    0.21    0.02   25.10    4.66
C_obs        48.63   18.86    0.00   13.35    0.65    0.03   18.49
NC_obs        0.17    4.17    0.01   94.69    0.17    0.01    0.79
NI_obs        1.26    1.01    0.77   42.91    0.05    0.55   53.44
util_obs      0.67    3.83    0.24    2.34    1.73    1.87   89.31
D_obs         0.02    0.39    0.00    0.29    2.70    0.01   96.59
log_Y         0.63   25.69    0.62   13.84    0.14    1.08   57.98
log_Y_N       1.17   29.09    0.41   45.59    0.16    0.71   22.87
log_SR        0.91   38.58    0.62   15.77    0.22    1.09   42.81
log_I         0.21   15.99    1.91    5.61    0.06    2.72   73.51
log_p_I       0.02   42.41   22.74    0.13    0.00   29.15    5.55
log_C         2.24   36.36    0.00   25.90    0.28    0.06   35.17
log_N         0.07    0.34    0.04   92.00    0.01    0.05    7.49
log_NC        0.07    1.27    0.00   98.03    0.02    0.01    0.61
log_NI        0.27    1.35    0.30   34.11    0.01    0.48   63.47
log_util      0.66    4.27    0.12    1.14    0.31    1.93   91.57
log_D         0.02    0.64    0.00    0.45    0.51    0.01   98.37
Period 8:
               e_g     e_Z    e_ZI     e_N     e_D    e_DI     e_C
Y_obs        22.05   18.67    0.75   11.41    0.58    0.80   45.74
Y_N_obs      15.79   19.44    0.59   48.88    0.72    0.54   14.04
SR_obs       23.41   24.72    0.85   21.38    0.91    0.79   27.95
I_obs         2.71   14.98    2.87    6.32    0.34    2.46   70.32
p_I_obs       0.04   34.35   37.41    0.20    0.02   23.58    4.40
C_obs        48.58   18.86    0.00   13.35    0.66    0.03   18.53
NC_obs        0.17    4.17    0.01   94.68    0.17    0.01    0.80
NI_obs        1.30    1.52    0.83   42.64    0.05    0.55   53.12
util_obs      0.68    4.08    0.27    2.33    1.73    1.87   89.04
D_obs         0.02    0.40    0.00    0.29    2.70    0.01   96.58
log_Y         0.39   30.96    0.34   12.44    0.06    1.04   54.76
log_Y_N       1.08   34.02    0.24   39.65    0.08    0.70   24.24
log_SR        0.98   44.47    0.33   12.64    0.09    1.01   40.47
log_I         0.19   24.95    0.98    4.46    0.02    2.53   66.87
log_p_I       0.01   71.61    7.97    0.06    0.00   17.14    3.21
log_C         2.43   35.90    0.00   25.66    0.12    0.07   35.83
log_N         0.13    0.36    0.03   90.34    0.00    0.08    9.06
log_NC        0.03    0.77    0.00   98.73    0.01    0.01    0.46
log_NI        0.56    3.33    0.22   29.89    0.01    0.65   65.34
log_util      0.76    6.85    0.08    1.35    0.13    1.88   88.94
log_D         0.02    0.87    0.00    0.51    0.25    0.01   98.32
Period 40:
               e_g     e_Z    e_ZI     e_N     e_D    e_DI     e_C
Y_obs        22.02   18.74    0.76   11.40    0.58    0.81   45.70
Y_N_obs      15.78   19.45    0.60   48.88    0.72    0.54   14.04
SR_obs       23.26   24.78    0.85   21.24    0.90    0.80   28.17
I_obs         2.69   15.25    2.90    6.27    0.34    2.48   70.06
p_I_obs       0.04   34.57   37.12    0.20    0.02   23.42    4.63
C_obs        48.56   18.85    0.00   13.34    0.66    0.03   18.55
NC_obs        0.17    4.17    0.01   94.68    0.17    0.01    0.79
NI_obs        1.29    1.66    0.84   42.34    0.05    0.56   53.26
util_obs      0.67    4.18    0.28    2.32    1.71    1.88   88.94
D_obs         0.02    0.40    0.01    0.29    2.69    0.01   96.58
log_Y         0.18   38.86    0.06   10.66    0.01    0.78   49.44
log_Y_N       0.75   41.55    0.05   28.69    0.01    0.61   28.35
log_SR        1.07   53.86    0.08   13.43    0.02    0.66   30.86
log_I         0.21   39.30    0.19    3.44    0.00    1.71   55.15
log_p_I       0.00   91.07    1.04    0.01    0.00    7.16    0.72
log_C         1.82   35.45    0.01   22.60    0.02    0.15   39.95
log_N         0.17    0.55    0.01   91.08    0.00    0.06    8.12
log_NC        0.01    0.44    0.00   99.22    0.00    0.01    0.32
log_NI        0.90    7.35    0.06   29.89    0.00    0.55   61.26
log_util      0.96   10.42    0.02    1.43    0.03    1.51   85.61
log_D         0.01    1.43    0.00    0.62    0.06    0.02   97.86



MATRIX OF CORRELATIONS
Variables       Y_obs   Y_N_obs    SR_obs     I_obs   p_I_obs     C_obs    NC_obs    NI_obs  util_obs     D_obs     log_Y   log_Y_N    log_SR     log_I   log_p_I     log_C     log_N    log_NC    log_NI  log_util     log_D
Y_obs          1.0000    0.4236    0.6769    0.9071   -0.0786    0.9268    0.2253    0.7324    0.7734    0.6679    0.0219   -0.0135    0.1038    0.0654    0.0213   -0.0083    0.0449    0.0119    0.1085    0.1283    0.0772
Y_N_obs        0.4236    1.0000    0.9459    0.3683   -0.0960    0.4068   -0.7647   -0.1609    0.4728    0.3500    0.0201    0.0290    0.1004    0.0437    0.0099    0.0031   -0.0106   -0.0322    0.0428    0.0995    0.0564
SR_obs         0.6769    0.9459    1.0000    0.6043   -0.0959    0.6360   -0.5409    0.1223    0.6483    0.5148   -0.0320   -0.0114    0.0411   -0.0298    0.0521   -0.0305   -0.0266   -0.0275   -0.0167    0.0203    0.0089
I_obs          0.9071    0.3683    0.6043    1.0000   -0.1505    0.6826    0.1433    0.8300    0.9043    0.8048   -0.0022   -0.0223    0.1038    0.0384    0.0289   -0.0284    0.0251   -0.0010    0.0787    0.1020    0.0579
p_I_obs       -0.0786   -0.0960   -0.0959   -0.1505    1.0000   -0.0021   -0.0298    0.1350    0.0184    0.1962   -0.0238   -0.0177   -0.0945   -0.0433    0.0380   -0.0090   -0.0082    0.0041   -0.0344   -0.0638   -0.0056
C_obs          0.9268    0.4068    0.6360    0.6826   -0.0021    1.0000    0.2633    0.5309    0.5358    0.4415    0.0400   -0.0035    0.0877    0.0793    0.0112    0.0109    0.0554    0.0215    0.1181    0.1318    0.0824
NC_obs         0.2253   -0.7647   -0.5409    0.1433   -0.0298    0.2633    1.0000    0.5628   -0.0907   -0.0490    0.0069   -0.0328   -0.0309    0.0127   -0.0056    0.0026    0.0499    0.0476    0.0408   -0.0055   -0.0019
NI_obs         0.7324   -0.1609    0.1223    0.8300    0.1350    0.5309    0.5628    1.0000    0.7102    0.7109   -0.0172   -0.0432    0.0338    0.0091    0.0340   -0.0327    0.0321    0.0182    0.0550    0.0420    0.0318
util_obs       0.7734    0.4728    0.6483    0.9043    0.0184    0.5358   -0.0907    0.7102    1.0000    0.9049   -0.0210   -0.0290    0.0564    0.0026    0.0430   -0.0345    0.0095   -0.0041    0.0383    0.0582    0.0432
D_obs          0.6679    0.3500    0.5148    0.8048    0.1962    0.4415   -0.0490    0.7109    0.9049    1.0000    0.0006   -0.0102    0.0533    0.0254    0.0185   -0.0155    0.0136   -0.0031    0.0484    0.0625    0.0588
log_Y          0.0219    0.0201   -0.0320   -0.0022   -0.0238    0.0400    0.0069   -0.0172   -0.0210    0.0006    1.0000    0.6876    0.2978    0.9165   -0.6240    0.9657    0.4168    0.2803    0.6124    0.6087    0.7985
log_Y_N       -0.0135    0.0290   -0.0114   -0.0223   -0.0177   -0.0035   -0.0328   -0.0432   -0.0290   -0.0102    0.6876    1.0000    0.6271    0.6658   -0.6370    0.6409   -0.3734   -0.4845   -0.0061    0.3876    0.6251
log_SR         0.1038    0.1004    0.0411    0.1038   -0.0945    0.0877   -0.0309    0.0338    0.0564    0.0533    0.2978    0.6271    1.0000    0.5892   -0.5940    0.0824   -0.4046   -0.5873    0.1386    0.5758    0.2813
log_I          0.0654    0.0437   -0.0298    0.0384   -0.0433    0.0793    0.0127    0.0091    0.0026    0.0254    0.9165    0.6658    0.5892    1.0000   -0.6607    0.7811    0.3374    0.1318    0.7171    0.8219    0.7809
log_p_I        0.0213    0.0099    0.0521    0.0289    0.0380    0.0112   -0.0056    0.0340    0.0430    0.0185   -0.6240   -0.6370   -0.5940   -0.6607    1.0000   -0.5450    0.0002    0.0544   -0.1259   -0.2028   -0.1453
log_C         -0.0083    0.0031   -0.0305   -0.0284   -0.0090    0.0109    0.0026   -0.0327   -0.0345   -0.0155    0.9657    0.6409    0.0824    0.7811   -0.5450    1.0000    0.4314    0.3519    0.4903    0.4165    0.7392
log_N          0.0449   -0.0106   -0.0266    0.0251   -0.0082    0.0554    0.0499    0.0321    0.0095    0.0136    0.4168   -0.3734   -0.4046    0.3374    0.0002    0.4314    1.0000    0.9647    0.7901    0.2925    0.2376
log_NC         0.0119   -0.0322   -0.0275   -0.0010    0.0041    0.0215    0.0476    0.0182   -0.0041   -0.0031    0.2803   -0.4845   -0.5873    0.1318    0.0544    0.3519    0.9647    1.0000    0.6007    0.0317    0.0420
log_NI         0.1085    0.0428   -0.0167    0.0787   -0.0344    0.1181    0.0408    0.0550    0.0383    0.0484    0.6124   -0.0061    0.1386    0.7171   -0.1259    0.4903    0.7901    0.6007    1.0000    0.8137    0.6230
log_util       0.1283    0.0995    0.0203    0.1020   -0.0638    0.1318   -0.0055    0.0420    0.0582    0.0625    0.6087    0.3876    0.5758    0.8219   -0.2028    0.4165    0.2925    0.0317    0.8137    1.0000    0.7984
log_D          0.0772    0.0564    0.0089    0.0579   -0.0056    0.0824   -0.0019    0.0318    0.0432    0.0588    0.7985    0.6251    0.2813    0.7809   -0.1453    0.7392    0.2376    0.0420    0.6230    0.7984    1.0000



COEFFICIENTS OF AUTOCORRELATION
Order             1        2        3        4        5
Y_obs        0.3839   0.1786   0.0955   0.0572   0.0374
Y_N_obs      0.0942   0.0402   0.0275   0.0207   0.0161
SR_obs       0.1913   0.0817   0.0475   0.0299   0.0192
I_obs        0.4644   0.2400   0.1348   0.0816   0.0521
p_I_obs      0.1959   0.1484   0.1115   0.0835   0.0621
C_obs        0.2668   0.0885   0.0370   0.0200   0.0138
NC_obs       0.0478   0.0187   0.0067   0.0014  -0.0009
NI_obs       0.2769   0.1242   0.0509   0.0197   0.0061
util_obs     0.3692   0.1465   0.0627   0.0257   0.0085
D_obs        0.0289   0.0110   0.0030  -0.0007  -0.0024
log_Y        0.9983   0.9951   0.9912   0.9869   0.9824
log_Y_N      0.9974   0.9944   0.9912   0.9879   0.9844
log_SR       0.9941   0.9861   0.9771   0.9675   0.9575
log_I        0.9967   0.9905   0.9827   0.9742   0.9651
log_p_I      0.9971   0.9931   0.9882   0.9827   0.9767
log_C        0.9991   0.9974   0.9954   0.9932   0.9910
log_N        0.9952   0.9896   0.9836   0.9775   0.9714
log_NC       0.9955   0.9905   0.9854   0.9802   0.9750
log_NI       0.9940   0.9846   0.9737   0.9622   0.9504
log_util     0.9932   0.9815   0.9677   0.9531   0.9382
log_D        0.9931   0.9858   0.9783   0.9708   0.9633
Total computing time : 0h31m30s
Note: warning(s) encountered in MATLAB/Octave code
