Starting Dynare (version 5.4).
Calling Dynare with arguments: none
Starting preprocessing of the model file ...
Found 62 equation(s).
Evaluating expressions...done
Computing static model derivatives (order 1).
Computing dynamic model derivatives (order 1).
Processing outputs ...
done
Preprocessing completed.





Residuals of the static equations:

Equation number 1 : 0 : Labor composite
Equation number 2 : 0 : Labor leisure:C
Equation number 3 : 0 : Labor leisure:I
Equation number 4 : 0 : Shopping:C
Equation number 5 : 0 : Shopping:I
Equation number 6 : 0 : Composite utility term
Equation number 7 : 0 : Investment adjustment cost function
Equation number 8 : 0 : Investment adjustment cost function: derivative
Equation number 9 : 0 : Investment growth
Equation number 10 : 0 : Tobins Q
Equation number 11 : 0 : Euler equation: C
Equation number 12 : 0 : Euler equation: I
Equation number 13 : 0 : Utilization: C
Equation number 14 : 0 : Utilization: I
Equation number 15 : 0 : Depreciation rate: C
Equation number 16 : 0 : Depreciation rate: I
Equation number 17 : 0 : Depreciation rate derivative: C
Equation number 18 : 0 : Depreciation rate derivative: I
Equation number 19 : 0 : Consumption production
Equation number 20 : 0 : Investment production
Equation number 21 : 0 : Capital law of motion
Equation number 22 : 0 : Labor demand:C
Equation number 23 : 0 : Labor demand:I
Equation number 24 : 0 : Capital demand:C
Equation number 25 : 0 : Capital demand:I
Equation number 26 : 0 : Labor composition
Equation number 27 : 0 : Capital composition
Equation number 28 : 0 : Shopping composition
Equation number 29 : 0 : Output (base-year prices)
Equation number 30 : 0 : Capacity utilization
Equation number 31 : 0 : stochastic trend process
Equation number 32 : 0 : Stationary TFP process
Equation number 33 : 0 : Independent component of I-specific tech
Equation number 34 : 0 : Investment-specific TFP process
Equation number 35 : 0 : Labor supply process
Equation number 36 : 0 : Shopping effort process
Equation number 37 : 0 : Relative shopping effort process
Equation number 38 : 0 : Consumption preference process
Equation number 39 : 0 : Definition log output
Equation number 40 : 0 : Definition log consumption
Equation number 41 : 0 : Definition log investment
Equation number 42 : 0 : Definition log hours
Equation number 43 : 0 : log_NC
Equation number 44 : 0 : log_NI
Equation number 45 : 0 : log capital
Equation number 46 : 0 : Definition log labor productivity
Equation number 47 : 0 : Definition log shopping effort
Equation number 48 : 0 : Definition of log relative investment  price
Equation number 49 : 0 : Definition of log capacity utilization
Equation number 50 : 0 : Definition of log Solow residual
Equation number 51 : 0 : C_obs
Equation number 52 : 0 : I_obs
Equation number 53 : 0 : Y_obs
Equation number 54 : 0 : Y_N_obs
Equation number 55 : 0 : K_obs
Equation number 56 : 0 : SR_obs
Equation number 57 : 0 : p_I_obs
Equation number 58 : 0 : N_obs
Equation number 59 : 0 : NC_obs
Equation number 60 : 0 : NI_obs
Equation number 61 : 0 : util_obs
Equation number 62 : 0 : D_obs



STEADY-STATE RESULTS:

Y          		 1
C          		 0.8
I          		 0.2
K          		 11.0508
K_C        		 8.84068
K_I        		 2.21017
N          		 0.3
N_C        		 0.24
N_I        		 0.06
N_comp     		 0.3
Z_C        		 0
u_ZI       		 0
Z_I        		 0
theta_N    		 0
theta_D    		 0
theta_I    		 0
theta_C    		 0
R_C        		 0.0346663
R_I        		 0.0346663
W_C        		 2.23333
W_I        		 2.23333
h_C        		 1
h_I        		 1
delta_C    		 0.0135592
delta_I    		 0.0135592
delta_C_pr 		 0.0234126
delta_I_pr 		 0.0234126
S          		 0
S_pr       		 0
D          		 0.82902
D_C        		 0.663216
D_I        		 0.165804
Gam        		 0.745895
p_I        		 1
Q          		 1.48067
x          		 1.00462
log_SR     		 0
util       		 0.81
g          		 0.004612
log_Y      		 0
log_C      		 0
log_I      		 0
log_N      		 0
log_NC     		 0
log_NI     		 0
log_K      		 0
log_Y_N    		 0
log_D      		 0
log_p_I    		 0
log_util   		 0
C_obs      		 0
I_obs      		 0
Y_obs      		 0
Y_N_obs    		 0
p_I_obs    		 0
N_obs      		 0
NC_obs     		 0
NI_obs     		 0
util_obs   		 0
D_obs      		 0
K_obs      		 0
SR_obs     		 0

EIGENVALUES:
         Modulus             Real        Imaginary

               0                0                0
               0                0                0
       4.138e-18        4.138e-18                0
       1.222e-17        1.222e-17                0
       5.533e-17       -5.533e-17                0
       6.239e-17        6.239e-17                0
       1.267e-16       -1.267e-16                0
       7.342e-16       -7.342e-16                0
       2.102e-15        2.102e-15                0
       3.289e-08        3.289e-08                0
       3.289e-08       -3.289e-08                0
       4.049e-08       -5.205e-15        4.049e-08
       4.049e-08       -5.205e-15       -4.049e-08
             0.1              0.1                0
          0.5719           0.5719                0
             0.9              0.9                0
             0.9              0.9                0
             0.9              0.9                0
             0.9              0.9                0
             0.9              0.9                0
             0.9              0.9                0
          0.9852           0.9852                0
            1.02             1.02                0
           1.758            1.758                0
       1.245e+16        1.245e+16                0
       1.358e+16        1.358e+16                0
       1.571e+16       -1.571e+16                0
       1.995e+16       -1.995e+16                0
       2.367e+16       -2.367e+16                0
        5.27e+17         5.27e+17                0
       2.437e+18        2.437e+18                0
        2.58e+18         2.58e+18                0
       3.157e+18        3.157e+18                0
       1.095e+19       -1.095e+19                0


There are 12 eigenvalue(s) larger than 1 in modulus 
for 12 forward-looking variable(s)

The rank condition is verified.


The posterior mode file BRS_growth_util_sectoral_mode has been generated using another specification of the model or another model!
Your mode file contains estimates for 19 parameters, while you are attempting to estimate only 18 parameters:
--> Parameter gam is not estimated according to the current mod file.

Initial value of the log posterior (or likelihood): 619.5411
                                            First-order      Norm of
 Iter F-count            f(x)  Feasibility   optimality         step
    0      19   -6.195411e+02    0.000e+00    8.461e+05
    1      38   -1.669301e+03    0.000e+00    7.979e+04    9.548e-01
    2      58   -1.757376e+03    0.000e+00    8.214e+04    6.317e-02
    3      78   -1.846714e+03    0.000e+00    8.446e+04    1.752e-01
    4      98   -1.917655e+03    0.000e+00    8.583e+04    2.339e-01
    5     118   -1.934142e+03    0.000e+00    9.018e+04    5.525e-02
    6     142   -1.989441e+03    0.000e+00    3.584e+04    2.037e-01
    7     161   -2.009430e+03    0.000e+00    1.354e+04    6.999e-01
    8     185   -2.042870e+03    0.000e+00    4.219e+03    9.516e-01
    9     206   -2.048542e+03    0.000e+00    5.490e+03    4.368e-02
   10     229   -2.170767e+03    0.000e+00    5.035e+03    1.447e-01
   11     249   -2.193290e+03    0.000e+00    1.569e+04    1.910e-01
   12     269   -2.194715e+03    0.000e+00    1.885e+04    2.481e-02
   13     289   -2.194736e+03    0.000e+00    1.638e+04    1.580e-02
   14     314   -2.220602e+03    0.000e+00    1.266e+04    2.229e-01
   15     339   -2.221332e+03    0.000e+00    1.576e+04    1.428e-01
   16     359   -2.223029e+03    0.000e+00    1.132e+04    7.183e-03
   17     381   -2.224800e+03    0.000e+00    5.143e+03    2.496e-02
   18     400   -2.228250e+03    0.000e+00    2.096e+04    1.164e-01
   19     422   -2.232346e+03    0.000e+00    3.806e+04    4.029e-02
   20     443   -2.266863e+03    0.000e+00    1.497e+04    9.463e-02
   21     464   -2.268223e+03    0.000e+00    1.479e+04    4.732e-02
   22     484   -2.412818e+03    0.000e+00    1.459e+04    9.320e-02
   23     504   -2.519167e+03    0.000e+00    1.734e+04    5.150e-02
   24     525   -2.539453e+03    0.000e+00    1.819e+04    1.293e-02
   25     546   -2.541426e+03    0.000e+00    4.169e+04    7.216e-02
   26     566   -2.546868e+03    0.000e+00    1.245e+04    8.983e-02
   27     585   -2.552999e+03    0.000e+00    2.393e+04    2.061e-01
   28     606   -2.561166e+03    0.000e+00    3.297e+04    5.741e-02
   29     626   -2.566583e+03    0.000e+00    2.154e+04    1.177e-01
   30     647   -2.581635e+03    0.000e+00    2.104e+04    5.994e-02

                                            First-order      Norm of
 Iter F-count            f(x)  Feasibility   optimality         step
   31     667   -2.584310e+03    0.000e+00    6.482e+03    5.805e-02
   32     689   -2.584926e+03    0.000e+00    1.544e+04    2.613e-02
   33     710   -2.589009e+03    0.000e+00    5.479e+04    3.629e-01
   34     732   -2.590446e+03    0.000e+00    4.623e+04    9.882e-02
   35     753   -2.592163e+03    0.000e+00    3.637e+04    2.256e-02
   36     775   -2.594323e+03    0.000e+00    3.530e+03    9.620e-02
   37     801   -2.597735e+03    0.000e+00    2.411e+03    8.659e-03
   38     821   -2.598166e+03    0.000e+00    2.182e+03    1.963e-03
   39     842   -2.599646e+03    0.000e+00    1.645e+03    3.952e-02
   40     865   -2.600449e+03    0.000e+00    2.540e+04    1.306e-02
   41     888   -2.600534e+03    0.000e+00    1.009e+04    2.754e-02
   42     908   -2.601883e+03    0.000e+00    8.803e+03    1.485e-02
   43     929   -2.603044e+03    0.000e+00    9.631e+03    1.613e-02
   44     949   -2.605655e+03    0.000e+00    5.583e+03    3.403e-01
   45     971   -2.605824e+03    0.000e+00    1.062e+04    1.231e-01
   46     992   -2.605859e+03    0.000e+00    1.166e+04    1.515e-02
   47    1013   -2.608515e+03    0.000e+00    3.330e+03    3.779e-01
   48    1035   -2.608977e+03    0.000e+00    2.114e+03    2.036e-02
   49    1059   -2.611659e+03    0.000e+00    3.624e+03    8.969e-03
   50    1081   -2.611872e+03    0.000e+00    2.551e+03    3.741e-03
   51    1105   -2.613148e+03    0.000e+00    1.519e+03    5.400e-03
   52    1129   -2.613242e+03    0.000e+00    1.164e+03    5.923e-03
   53    1151   -2.613387e+03    0.000e+00    1.973e+03    1.025e-02
   54    1174   -2.614682e+03    0.000e+00    7.648e+03    8.112e-03
   55    1197   -2.614948e+03    0.000e+00    9.473e+03    1.159e-02
   56    1217   -2.615558e+03    0.000e+00    6.036e+03    1.289e-01
   57    1241   -2.615899e+03    0.000e+00    2.516e+03    6.700e-03
   58    1261   -2.616369e+03    0.000e+00    2.202e+03    2.265e-01
   59    1285   -2.617044e+03    0.000e+00    6.749e+03    1.790e-02
   60    1305   -2.617271e+03    0.000e+00    7.911e+03    2.318e-01

                                            First-order      Norm of
 Iter F-count            f(x)  Feasibility   optimality         step
   61    1326   -2.618748e+03    0.000e+00    1.607e+03    1.516e-01
   62    1352   -2.619128e+03    0.000e+00    6.654e+02    7.086e-03
   63    1374   -2.619125e+03    0.000e+00    1.521e+03    1.459e-02
   64    1395   -2.619263e+03    0.000e+00    3.985e+03    7.289e-01
   65    1417   -2.619318e+03    0.000e+00    1.761e+03    6.251e-01
   66    1445   -2.619415e+03    0.000e+00    7.403e+02    3.901e-03
   67    1465   -2.619424e+03    0.000e+00    1.551e+03    3.636e-02
   68    1487   -2.619724e+03    0.000e+00    1.435e+03    6.258e-01
   69    1508   -2.619816e+03    0.000e+00    5.356e+02    1.615e-01
   70    1530   -2.619979e+03    0.000e+00    1.120e+03    5.681e-01
   71    1554   -2.620184e+03    0.000e+00    7.103e+02    4.220e-03
   72    1578   -2.620240e+03    0.000e+00    7.763e+02    2.150e-03
   73    1598   -2.620275e+03    0.000e+00    1.283e+03    6.885e-02
   74    1617   -2.620448e+03    0.000e+00    2.047e+03    1.449e-02
   75    1636   -2.620749e+03    0.000e+00    1.279e+03    1.285e-02

<a href = "matlab: helpview('optim','local_min_poss_with_constr','CSHelpWindow');">Local minimum possible. Constraints satisfied</a>.

fmincon stopped because the <a href = "matlab: helpview('optim','norm_curr_step_simple_fminconip','CSHelpWindow');">size of the current step</a> is less than
the value of the <a href = "matlab: helpview('optim','step_size_tol','CSHelpWindow');">step size tolerance</a> and constraints are 
satisfied to within the value of the <a href = "matlab: helpview('optim','constraint_tolerance','CSHelpWindow');">constraint tolerance</a>.

<<a href = "matlab: createExitMsg({'optimlib:sqpLineSearch:Exit2basic','fmincon'},{'optimlib:sqpLineSearch:Exit2detailed','1.000000e-06','0.000000e+00','1.000000e-06'},true,true);;">stopping criteria details</a>>

Final value of minus the log posterior (or likelihood):-2620.749062 

POSTERIOR KERNEL OPTIMIZATION PROBLEM!
 (minus) the hessian matrix at the "mode" is not positive definite!
=> posterior variance of the estimated parameters are not positive.
You should try to change the initial values of the parameters using
the estimated_params_init block, or use another optimization routine.
[Warning: The results below are most likely wrong!] 
[> In <a href="matlab:matlab.internal.language.introspective.errorDocCallback('dynare_estimation_1', 'C:\dynare\5.4\matlab\dynare_estimation_1.m', 318)" style="font-weight:bold">dynare_estimation_1</a> (<a href="matlab: opentoline('C:\dynare\5.4\matlab\dynare_estimation_1.m',318,0)">line 318</a>)
In <a href="matlab:matlab.internal.language.introspective.errorDocCallback('dynare_estimation', 'C:\dynare\5.4\matlab\dynare_estimation.m', 118)" style="font-weight:bold">dynare_estimation</a> (<a href="matlab: opentoline('C:\dynare\5.4\matlab\dynare_estimation.m',118,0)">line 118</a>)
In <a href="matlab:matlab.internal.language.introspective.errorDocCallback('BRS_growth_util_sectoral_separable.driver', 'C:\Users\msilva913\Documents\GitHub\Shopping-effort-variable-capital-utilization-and-Solow-residual\Programs\Estimation BRS\+BRS_growth_util_sectoral_separable\driver.m', 684)" style="font-weight:bold">BRS_growth_util_sectoral_separable.driver</a> (<a href="matlab: opentoline('C:\Users\msilva913\Documents\GitHub\Shopping-effort-variable-capital-utilization-and-Solow-residual\Programs\Estimation BRS\+BRS_growth_util_sectoral_separable\driver.m',684,0)">line 684</a>)
In <a href="matlab:matlab.internal.language.introspective.errorDocCallback('dynare', 'C:\dynare\5.4\matlab\dynare.m', 278)" style="font-weight:bold">dynare</a> (<a href="matlab: opentoline('C:\dynare\5.4\matlab\dynare.m',278,0)">line 278</a>)] 

MODE CHECK

Fval obtained by the minimization routine (minus the posterior/likelihood)): -2620.749062

RESULTS FROM POSTERIOR ESTIMATION
parameters
        prior mean     mode    s.d.  prior pstdev

sigma_a     1.0000   6.1966  2.9154   invg 1.0000 
Psi_K       4.0000   3.9271  1.0140   gamm 1.0000 
eta         0.2000   2.1033  0.0000   gamm 0.1500 
theta       1.0000   0.0713  0.0250   gamm 0.5000 
rho_g       0.1000   0.8844  0.0155   beta 0.0500 
rho_Z       0.6000   0.9124  0.0182   beta 0.2000 
rho_ZI      0.6000   0.9949  0.0014   beta 0.2000 
rho_N       0.6000   0.9966  0.0011   beta 0.2000 
rho_D       0.6000   0.0456  0.0424   beta 0.2000 
rho_DI      0.6000   0.9949  0.0018   beta 0.2000 
rho_C       0.6000   0.9910  0.0032   beta 0.2000 

standard deviation of shocks
        prior mean     mode    s.d.  prior pstdev

e_g         0.0100   0.0020  0.0003   invg 0.1000 
e_Z         0.0100   0.0022  0.0004   invg 0.1000 
e_ZI        0.0100   0.0816  0.0046   invg 0.1000 
e_N         0.0100   0.0246  0.0000   invg 0.1000 
e_D         0.0100   0.0031  0.0007   invg 0.1000 
e_DI        0.0100   0.1480  0.0059   invg 0.1000 
e_C         0.0100   0.0106  0.0017   invg 0.1000 


Log data density [Laplace approximation] is NaN.

Estimation::mcmc: Multiple chains mode.
Estimation::mcmc: Searching for initial values...
Estimation::mcmc: Initial values found!

Estimation::mcmc: Write details about the MCMC... Ok!
Estimation::mcmc: Details about the MCMC are available in BRS_growth_util_sectoral_separable/metropolis\BRS_growth_util_sectoral_separable_mh_history_0.mat


Estimation::mcmc: Number of mh files: 1 per block.
Estimation::mcmc: Total number of generated files: 2.
Estimation::mcmc: Total number of iterations: 100000.
Estimation::mcmc: Current acceptance ratio per chain: 
                                                       Chain  1: 50.079%
                                                       Chain  2: 48.129%
Estimation::mcmc: Total number of MH draws per chain: 100000.
Estimation::mcmc: Total number of generated MH files: 1.
Estimation::mcmc: I'll use mh-files 1 to 1.
Estimation::mcmc: In MH-file number 1 I'll start at line 30001.
Estimation::mcmc: Finally I keep 70000 draws per chain.



MCMC Inefficiency factors per block
Parameter       Block 1     Block 2
SE_e_g          287.017     167.377
SE_e_Z          467.645     671.811
SE_e_ZI         658.849     660.283
SE_e_N          351.663     311.692
SE_e_D          149.685     277.394
SE_e_DI         731.493     723.101
SE_e_C          371.693     604.356
sigma_a         740.261     734.383
Psi_K           741.134     736.550
eta             732.627     743.253
theta           595.144     533.253
rho_g           745.189     737.425
rho_Z           698.876     734.713
rho_ZI          457.037     589.362
rho_N           306.135     305.887
rho_D           700.380     741.490
rho_DI          420.352     393.025
rho_C           547.043     533.314

Estimation::mcmc::diagnostics: Univariate convergence diagnostic, Brooks and Gelman (1998):
    Parameter 1...  Done! 
    Parameter 2...  Done! 
    Parameter 3...  Done! 
    Parameter 4...  Done! 
    Parameter 5...  Done! 
    Parameter 6...  Done! 
    Parameter 7...  Done! 
    Parameter 8...  Done! 
    Parameter 9...  Done! 
    Parameter 10...  Done! 
    Parameter 11...  Done! 
    Parameter 12...  Done! 
    Parameter 13...  Done! 
    Parameter 14...  Done! 
    Parameter 15...  Done! 
    Parameter 16...  Done! 
    Parameter 17...  Done! 
    Parameter 18...  Done! 

Estimation::marginal density: I'm computing the posterior mean and covariance...  Done!
Estimation::marginal density: I'm computing the posterior log marginal density (modified harmonic mean)... Done!


ESTIMATION RESULTS

Log data density is 2559.751161.

parameters
          prior mean   post. mean        90% HPD interval    prior       pstdev

sigma_a        1.000       6.1612      5.9724      6.3420     invg       1.0000
Psi_K          4.000       4.0342      3.8016      4.2942     gamm       1.0000
eta            0.200       1.9937      1.8986      2.0478     gamm       0.1500
theta          1.000       0.0206      0.0054      0.0349     gamm       0.5000
rho_g          0.100       0.8527      0.8277      0.8731     beta       0.0500
rho_Z          0.600       0.9006      0.8786      0.9229     beta       0.2000
rho_ZI         0.600       0.9952      0.9927      0.9975     beta       0.2000
rho_N          0.600       0.9949      0.9919      0.9981     beta       0.2000
rho_D          0.600       0.0948      0.0554      0.1237     beta       0.2000
rho_DI         0.600       0.9939      0.9903      0.9976     beta       0.2000
rho_C          0.600       0.9913      0.9852      0.9975     beta       0.2000

standard deviation of shocks
          prior mean   post. mean        90% HPD interval    prior       pstdev

e_g            0.010       0.0025      0.0018      0.0032     invg       0.1000
e_Z            0.010       0.0027      0.0017      0.0034     invg       0.1000
e_ZI           0.010       0.0732      0.0675      0.0783     invg       0.1000
e_N            0.010       0.0224      0.0206      0.0244     invg       0.1000
e_D            0.010       0.0032      0.0022      0.0042     invg       0.1000
e_DI           0.010       0.1487      0.1374      0.1605     invg       0.1000
e_C            0.010       0.0095      0.0074      0.0122     invg       0.1000

MODEL SUMMARY

  Number of variables:         62
  Number of stochastic shocks: 7
  Number of state variables:   22
  Number of jumpers:           12
  Number of static variables:  30


MATRIX OF COVARIANCE OF EXOGENOUS SHOCKS
Variables         e_g       e_Z      e_ZI       e_N       e_D      e_DI       e_C
e_g          0.000006  0.000000  0.000000  0.000000  0.000000  0.000000  0.000000
e_Z          0.000000  0.000007  0.000000  0.000000  0.000000  0.000000  0.000000
e_ZI         0.000000  0.000000  0.005359  0.000000  0.000000  0.000000  0.000000
e_N          0.000000  0.000000  0.000000  0.000504  0.000000  0.000000  0.000000
e_D          0.000000  0.000000  0.000000  0.000000  0.000010  0.000000  0.000000
e_DI         0.000000  0.000000  0.000000  0.000000  0.000000  0.022122  0.000000
e_C          0.000000  0.000000  0.000000  0.000000  0.000000  0.000000  0.000090



THEORETICAL MOMENTS
VARIABLE         MEAN  STD. DEV.   VARIANCE
Y_obs          0.0000     0.0408     0.0017
Y_N_obs        0.0000     0.0332     0.0011
SR_obs         0.0000     0.0251     0.0006
I_obs          0.0000     0.1774     0.0315
p_I_obs        0.0000     0.1149     0.0132
C_obs          0.0000     0.0177     0.0003
NC_obs         0.0000     0.0377     0.0014
NI_obs         0.0000     0.1256     0.0158
util_obs       0.0000     0.0198     0.0004
D_obs          0.0000     0.0316     0.0010
log_Y          0.0000     0.9839     0.9681
log_Y_N        0.0000     0.9158     0.8388
log_SR         0.0000     0.3281     0.1077
log_I          0.0000     2.2798     5.1975
log_p_I        0.0000     1.1592     1.3438
log_C          0.0000     0.7335     0.5381
log_N          0.0000     0.4655     0.2167
log_NC         0.0000     0.3439     0.1183
log_NI         0.0000     1.0618     1.1275
log_util       0.0000     0.3508     0.1231
log_D          0.0000     0.6401     0.4097



VARIANCE DECOMPOSITION (in percent)
               e_g     e_Z    e_ZI     e_N     e_D    e_DI     e_C
Y_obs         0.80    1.10   41.78    7.00    0.32   46.84    2.15
Y_N_obs       1.17    7.93   57.83   11.03    0.61   18.70    2.74
SR_obs        1.53    6.92   74.53    2.30    1.00    8.77    4.95
I_obs         0.30    1.82   48.45    0.66    0.01   48.49    0.27
p_I_obs       0.02    0.38   50.86    0.00    0.00   48.74    0.00
C_obs         3.52    9.67   15.10   35.95    1.97   23.53   10.26
NC_obs        0.18    1.43   11.64   32.51    0.00   54.17    0.07
NI_obs        0.65    4.43   42.39    3.64    0.01   48.63    0.24
util_obs      0.14    0.54   13.41    4.42    1.47   71.53    8.48
D_obs         0.26    0.45   10.75    5.19    1.96   70.73   10.66
log_Y         0.02    6.19   49.48    2.62    0.00   41.19    0.50
log_Y_N       0.20    8.25   64.84    0.51    0.00   25.69    0.51
log_SR        0.06   10.01   74.37    0.92    0.00   12.78    1.85
log_I         0.07    5.94   50.24    0.67    0.00   42.91    0.18
log_p_I       0.00    6.43   51.59    0.00    0.00   41.98    0.00
log_C         0.14    6.10   48.19    4.49    0.00   40.28    0.79
log_N         0.41    2.36   22.93   21.53    0.00   52.64    0.13
log_NC        0.21    1.22   11.61   37.49    0.00   49.41    0.06
log_NI        0.66    3.83   37.66    5.26    0.00   52.35    0.23
log_util      0.01    3.73   29.83    2.71    0.00   61.56    2.15
log_D         0.02    3.78   30.22    2.73    0.00   61.08    2.16

CONDITIONAL VARIANCE DECOMPOSITION (in percent)
Period 1:
               e_g     e_Z    e_ZI     e_N     e_D    e_DI     e_C
Y_obs         0.03    0.33   39.46    9.63    0.28   47.34    2.94
Y_N_obs       1.10   11.15   64.91   17.22    0.49    0.90    4.24
SR_obs        0.71    7.25   77.33    2.43    0.57    6.44    5.28
I_obs         0.08    0.59   49.67    0.67    0.02   48.71    0.26
p_I_obs       0.01    0.05   51.12    0.00    0.00   48.83    0.00
C_obs         1.29   11.55    4.56   50.54    1.50   16.16   14.39
NC_obs        0.09    1.12    0.15   42.62    0.00   56.02    0.00
NI_obs        2.46   20.21    0.40   24.27    0.00   52.54    0.13
util_obs      0.12    0.24    4.73    5.35    1.05   78.04   10.48
D_obs         0.25    0.12    1.50    6.30    1.38   77.28   13.17
log_Y         0.32    0.33   39.34    9.60    0.28   47.20    2.93
log_Y_N       0.01   11.27   65.62   17.41    0.50    0.91    4.28
log_SR        0.04    7.30   77.85    2.44    0.57    6.48    5.32
log_I         0.22    0.59   49.60    0.67    0.02   48.64    0.26
log_p_I       0.01    0.05   51.12    0.00    0.00   48.83    0.00
log_C         0.30   11.67    4.60   51.05    1.52   16.32   14.54
log_N         0.40    3.84    0.02   38.74    0.00   56.98    0.02
log_NC        0.09    1.12    0.15   42.62    0.00   56.02    0.00
log_NI        2.46   20.21    0.40   24.27    0.00   52.54    0.13
log_util      0.12    0.24    4.73    5.35    1.05   78.04   10.48
log_D         0.25    0.12    1.50    6.30    1.38   77.28   13.17
Period 4:
               e_g     e_Z    e_ZI     e_N     e_D    e_DI     e_C
Y_obs         0.30    0.27   42.13    7.31    0.34   47.41    2.24
Y_N_obs       1.20    8.37   60.37   12.81    0.72   13.32    3.20
SR_obs        1.30    6.93   75.05    2.31    1.01    8.39    5.00
I_obs         0.09    0.51   49.29    0.68    0.01   49.16    0.27
p_I_obs       0.02    0.15   51.00    0.00    0.00   48.83    0.00
C_obs         3.32   11.30    4.84   47.63    2.62   16.70   13.58
NC_obs        0.08    0.94   10.67   33.78    0.00   54.46    0.06
NI_obs        0.39    3.07   42.89    4.02    0.01   49.38    0.24
util_obs      0.13    0.21   12.85    4.51    1.51   72.14    8.65
D_obs         0.25    0.11    9.89    5.32    2.02   71.49   10.93
log_Y         0.33    0.12   44.34    5.08    0.03   48.52    1.58
log_Y_N       0.25   14.88   26.09   23.09    0.14   32.16    3.39
log_SR        0.04   12.00   74.71    3.99    0.19    2.76    6.31
log_I         0.12    0.23   49.33    0.68    0.00   49.37    0.27
log_p_I       0.00    0.13   50.03    0.00    0.00   49.84    0.00
log_C         1.65   13.96    3.07   54.69    0.43   11.15   15.06
log_N         0.12    1.46   19.55   14.21    0.00   64.51    0.15
log_NC        0.04    0.75   10.18   24.84    0.00   64.12    0.07
log_NI        0.23    2.47   32.62    4.36    0.00   60.04    0.27
log_util      0.15    0.09   16.50    3.67    0.14   73.41    6.04
log_D         0.29    0.04   11.99    4.41    0.19   75.25    7.83
Period 8:
               e_g     e_Z    e_ZI     e_N     e_D    e_DI     e_C
Y_obs         0.60    0.54   42.08    7.11    0.33   47.16    2.18
Y_N_obs       1.21    8.53   60.06   12.67    0.71   13.66    3.16
SR_obs        1.47    6.93   74.88    2.31    1.01    8.42    4.99
I_obs         0.22    1.16   48.90    0.67    0.01   48.77    0.27
p_I_obs       0.02    0.28   50.93    0.00    0.00   48.76    0.00
C_obs         3.75   11.02    6.75   45.18    2.48   17.94   12.88
NC_obs        0.14    1.19   10.89   33.48    0.00   54.24    0.06
NI_obs        0.57    3.80   42.65    3.88    0.01   48.85    0.24
util_obs      0.13    0.31   13.37    4.45    1.49   71.72    8.53
D_obs         0.25    0.19   10.61    5.23    1.98   71.00   10.74
log_Y         0.27    0.33   45.44    3.96    0.01   48.75    1.24
log_Y_N       1.73   12.36   14.99   24.05    0.07   43.85    2.95
log_SR        0.13   13.72   72.67    4.93    0.11    1.63    6.81
log_I         0.05    0.17   49.38    0.68    0.00   49.45    0.27
log_p_I       0.00    0.58   49.73    0.00    0.00   49.67    0.00
log_C         4.19    9.24    7.55   49.09    0.19   16.36   13.37
log_N         0.05    0.61   24.50   10.60    0.00   64.06    0.17
log_NC        0.03    0.35   14.18   20.25    0.00   65.10    0.09
log_NI        0.08    0.90   36.41    3.28    0.00   59.04    0.28
log_util      0.13    0.16   21.07    3.10    0.05   70.84    4.65
log_D         0.26    0.08   17.05    3.68    0.07   72.92    5.94
Period 40:
               e_g     e_Z    e_ZI     e_N     e_D    e_DI     e_C
Y_obs         0.81    1.06   41.78    7.05    0.32   46.81    2.16
Y_N_obs       1.16    7.85   58.03   11.21    0.62   18.34    2.78
SR_obs        1.53    6.91   74.56    2.30    1.00    8.74    4.95
I_obs         0.30    1.78   48.49    0.67    0.01   48.50    0.27
p_I_obs       0.02    0.37   50.87    0.00    0.00   48.74    0.00
C_obs         3.60    9.66   14.20   37.08    2.03   22.85   10.57
NC_obs        0.17    1.40   11.57   32.61    0.00   54.17    0.07
NI_obs        0.65    4.37   42.43    3.66    0.01   48.64    0.24
util_obs      0.14    0.52   13.35    4.43    1.48   71.55    8.51
D_obs         0.26    0.43   10.66    5.21    1.97   70.75   10.71
log_Y         0.08    3.47   45.87    2.94    0.00   46.79    0.85
log_Y_N       2.40    4.47   65.97    5.95    0.01   19.34    1.87
log_SR        0.32    9.48   76.70    2.97    0.02    5.66    4.85
log_I         0.09    3.92   48.27    0.66    0.00   46.82    0.24
log_p_I       0.00    4.13   48.69    0.00    0.00   47.17    0.00
log_C         1.30    2.34   39.41   10.39    0.01   43.83    2.73
log_N         0.44    1.80   21.35   12.71    0.00   63.54    0.15
log_NC        0.27    0.95   11.20   23.85    0.00   63.66    0.07
log_NI        0.64    2.86   34.00    3.82    0.00   58.43    0.25
log_util      0.03    1.97   25.26    2.65    0.01   66.80    3.28
log_D         0.09    1.69   23.54    2.90    0.01   68.02    3.75



MATRIX OF CORRELATIONS
Variables       Y_obs   Y_N_obs    SR_obs     I_obs   p_I_obs     C_obs    NC_obs    NI_obs  util_obs     D_obs     log_Y   log_Y_N    log_SR     log_I   log_p_I     log_C     log_N    log_NC    log_NI  log_util     log_D
Y_obs          1.0000    0.0388    0.5050    0.9411   -0.8082    0.5279    0.7780    0.6399    0.8961    0.8575    0.0194   -0.0896    0.0159    0.1356   -0.1288   -0.0728    0.2173    0.1895    0.2307    0.0415    0.0162
Y_N_obs        0.0388    1.0000    0.8307   -0.0656   -0.3697    0.2771   -0.5125   -0.6429   -0.1307   -0.1649    0.1007    0.0162    0.0638    0.1740   -0.1273    0.0336    0.1810    0.1361    0.2205    0.1066    0.0926
SR_obs         0.5050    0.8307    1.0000    0.4273   -0.7668    0.3870   -0.0331   -0.2370    0.3226    0.2582    0.0101   -0.0027    0.0366    0.0355   -0.0541   -0.0106    0.0267    0.0266    0.0240    0.0127    0.0057
I_obs          0.9411   -0.0656    0.4273    1.0000   -0.7925    0.2096    0.7219    0.7496    0.8221    0.7668   -0.0339   -0.0842   -0.0031    0.0388   -0.0650   -0.0869    0.0940    0.0905    0.0888   -0.0192   -0.0362
p_I_obs       -0.8082   -0.3697   -0.7668   -0.7925    1.0000   -0.3465   -0.5067   -0.2167   -0.7136   -0.6483    0.0204    0.0331   -0.0169   -0.0107    0.0496    0.0424   -0.0221   -0.0336   -0.0049    0.0128    0.0216
C_obs          0.5279    0.2771    0.3870    0.2096   -0.3465    1.0000    0.4364   -0.0322    0.5261    0.5535    0.1411   -0.0477    0.0538    0.2946   -0.2094    0.0078    0.3922    0.3208    0.4440    0.1684    0.1377
NC_obs         0.7780   -0.5125   -0.0331    0.7219   -0.5067    0.4364    1.0000    0.7409    0.8391    0.8346   -0.0393   -0.0634   -0.0209   -0.0080   -0.0198   -0.0597    0.0417    0.0548    0.0204   -0.0267   -0.0353
NI_obs         0.6399   -0.6429   -0.2370    0.7496   -0.2167   -0.0322    0.7409    1.0000    0.6216    0.6095   -0.0543   -0.0908   -0.0335   -0.0001   -0.0174   -0.0910    0.0639    0.0624    0.0592   -0.0413   -0.0536
util_obs       0.8961   -0.1307    0.3226    0.8221   -0.7136    0.5261    0.8391    0.6216    1.0000    0.9941    0.0060   -0.0740    0.0063    0.0902   -0.0934   -0.0601    0.1582    0.1440    0.1603    0.0282    0.0093
D_obs          0.8575   -0.1649    0.2582    0.7668   -0.6483    0.5535    0.8346    0.6095    0.9941    1.0000    0.0210   -0.0750    0.0091    0.1163   -0.1078   -0.0551    0.1921    0.1700    0.2008    0.0454    0.0247
log_Y          0.0194    0.1007    0.0101   -0.0339    0.0204    0.1411   -0.0393   -0.0543    0.0060    0.0210    1.0000    0.8824    0.8864    0.9269   -0.9714    0.9565    0.3778    0.4235    0.2793    0.9714    0.9734
log_Y_N       -0.0896    0.0162   -0.0027   -0.0842    0.0331   -0.0477   -0.0634   -0.0908   -0.0740   -0.0750    0.8824    1.0000    0.9637    0.6963   -0.8387    0.9384   -0.1024   -0.0357   -0.1782    0.7919    0.8184
log_SR         0.0159    0.0638    0.0366   -0.0031   -0.0169    0.0538   -0.0209   -0.0335    0.0063    0.0091    0.8864    0.9637    1.0000    0.7771   -0.8781    0.8824   -0.0225   -0.0118   -0.0340    0.7812    0.7941
log_I          0.1356    0.1740    0.0355    0.0388   -0.0107    0.2946   -0.0080   -0.0001    0.0902    0.1163    0.9269    0.6963    0.7771    1.0000   -0.9668    0.7771    0.5892    0.5498    0.5792    0.9174    0.8952
log_p_I       -0.1288   -0.1273   -0.0541   -0.0650    0.0496   -0.2094   -0.0198   -0.0174   -0.0934   -0.1078   -0.9714   -0.8387   -0.8781   -0.9668    1.0000   -0.8775   -0.4032   -0.3993   -0.3665   -0.9433   -0.9353
log_C         -0.0728    0.0336   -0.0106   -0.0869    0.0424    0.0078   -0.0597   -0.0910   -0.0601   -0.0551    0.9565    0.9384    0.8824    0.7771   -0.8775    1.0000    0.1755    0.2828    0.0183    0.9158    0.9366
log_N          0.2173    0.1810    0.0267    0.0940   -0.0221    0.3922    0.0417    0.0639    0.1582    0.1921    0.3778   -0.1024   -0.0225    0.5892   -0.4032    0.1755    1.0000    0.9654    0.9412    0.4953    0.4473
log_NC         0.1895    0.1361    0.0266    0.0905   -0.0336    0.3208    0.0548    0.0624    0.1440    0.1700    0.4235   -0.0357   -0.0118    0.5498   -0.3993    0.2828    0.9654    1.0000    0.8204    0.5476    0.5122
log_NI         0.2307    0.2205    0.0240    0.0888   -0.0049    0.4440    0.0204    0.0592    0.1603    0.2008    0.2793   -0.1782   -0.0340    0.5792   -0.3665    0.0183    0.9412    0.8204    1.0000    0.3761    0.3169
log_util       0.0415    0.1066    0.0127   -0.0192    0.0128    0.1684   -0.0267   -0.0413    0.0282    0.0454    0.9714    0.7919    0.7812    0.9174   -0.9433    0.9158    0.4953    0.5476    0.3761    1.0000    0.9978
log_D          0.0162    0.0926    0.0057   -0.0362    0.0216    0.1377   -0.0353   -0.0536    0.0093    0.0247    0.9734    0.8184    0.7941    0.8952   -0.9353    0.9366    0.4473    0.5122    0.3169    0.9978    1.0000



COEFFICIENTS OF AUTOCORRELATION
Order             1        2        3        4        5
Y_obs        0.5098   0.3509   0.2433   0.1714   0.1232
Y_N_obs      0.1262   0.1129   0.1023   0.0947   0.0890
SR_obs      -0.0825  -0.0477  -0.0248  -0.0100  -0.0006
I_obs        0.6416   0.4036   0.2472   0.1446   0.0774
p_I_obs      0.0453   0.0260   0.0155   0.0086   0.0041
C_obs        0.2150   0.2324   0.2420   0.2447   0.2434
NC_obs       0.3501   0.2173   0.1284   0.0703   0.0325
NI_obs       0.6912   0.4305   0.2551   0.1406   0.0660
util_obs     0.3469   0.2383   0.1574   0.1037   0.0681
D_obs        0.3178   0.2287   0.1579   0.1104   0.0787
log_Y        0.9991   0.9974   0.9951   0.9924   0.9894
log_Y_N      0.9993   0.9985   0.9976   0.9965   0.9952
log_SR       0.9971   0.9948   0.9928   0.9910   0.9893
log_I        0.9970   0.9901   0.9807   0.9699   0.9582
log_p_I      0.9951   0.9897   0.9841   0.9783   0.9725
log_C        0.9997   0.9993   0.9988   0.9981   0.9974
log_N        0.9939   0.9806   0.9629   0.9427   0.9209
log_NC       0.9940   0.9838   0.9709   0.9566   0.9413
log_NI       0.9930   0.9763   0.9536   0.9273   0.8991
log_util     0.9984   0.9957   0.9923   0.9883   0.9840
log_D        0.9988   0.9968   0.9942   0.9913   0.9881
Total computing time : 0h19m48s
Note: warning(s) encountered in MATLAB/Octave code
