Starting Dynare (version 5.4).
Calling Dynare with arguments: none
Starting preprocessing of the model file ...
WARNING: in the 'steady_state_model' block, variable 'Y_N_obs' is not assigned a value
Found 35 equation(s).
Evaluating expressions...done
Computing static model derivatives (order 1).
Computing dynamic model derivatives (order 1).
Processing outputs ...
done
Preprocessing completed.





Residuals of the static equations:

Equation number 1 : 0 : Labor leisure
Equation number 2 : 0 : Shopping:C
Equation number 3 : 0 : Shopping:I
Equation number 4 : 0 : Composite utility term
Equation number 5 : 0 : Euler equation: C
Equation number 6 : 0 : Euler equation: I
Equation number 7 : 0 : Consumption production
Equation number 8 : 0 : Investment production
Equation number 9 : 0 : Capital law of motion
Equation number 10 : 0 : Labor demand:C
Equation number 11 : 0 : Capital demand:C
Equation number 12 : 0 : Labor demand:I
Equation number 13 : 0 : Capital demand:I
Equation number 14 : 0 : Labor composition
Equation number 15 : 0 : Capital composition
Equation number 16 : 0 : Shopping composition
Equation number 17 : 0 : Output (base-year prices)
Equation number 18 : 0 : exogenous TFP growth process
Equation number 19 : 0 : output growth related to TFP growth
Equation number 20 : 0 : investment-specific TFP process
Equation number 21 : 0 : Labor supply process
Equation number 22 : 0 : Shopping effort process
Equation number 23 : 0 : Definition log output
Equation number 24 : 0 : Definition log consumption
Equation number 25 : 0 : Definition log investment
Equation number 26 : 0 : Definition log hours
Equation number 27 : 0 : Definition log labor productivity
Equation number 28 : 0 : Definition log shopping effort
Equation number 29 : 0 : Definition of log relative investment  price
Equation number 30 : 0 : C_obs
Equation number 31 : 0 : I_obs
Equation number 32 : 0 : Y_obs
Equation number 33 : 0 : Y_N_obs
Equation number 34 : 0 : p_I_obs
Equation number 35 : 0 : N_obs



STEADY-STATE RESULTS:

Y       		 1
C       		 0.8
I       		 0.2
K       		 11.0817
K_C     		 8.86536
K_I     		 2.21634
N       		 0.3
N_C     		 0.24
N_I     		 0.06
Z_I     		 0
theta_N 		 0
theta_D 		 0
R_C     		 0.0303056
R_I     		 0.0303056
W       		 2.23333
D       		 0.827037
D_C     		 0.66163
D_I     		 0.165407
Gam     		 0.55595
p_I     		 1
g       		 0.0074
g_z     		 0.00572253
log_Y   		 0
log_C   		 0
log_I   		 0
log_N   		 0
log_Y_N 		 0
log_D   		 0
log_p_I 		 0
C_obs   		 0
I_obs   		 0
Y_obs   		 0
Y_N_obs 		 0
p_I_obs 		 0
N_obs   		 0

EIGENVALUES:
         Modulus             Real        Imaginary

               0                0                0
               0                0                0
       1.824e-17        1.824e-17                0
       2.467e-17        2.467e-17                0
       9.048e-17        9.048e-17                0
       1.666e-08       -3.024e-15        1.666e-08
       1.666e-08       -3.024e-15       -1.666e-08
             0.1              0.1                0
             0.9              0.9                0
             0.9              0.9                0
             0.9              0.9                0
          0.9747           0.9747                0
           1.028            1.028                0
       7.533e+16        7.533e+16                0
       1.071e+18       -1.071e+18                0
       3.713e+18        3.713e+18                0
       6.845e+19       -6.845e+19                0


There are 5 eigenvalue(s) larger than 1 in modulus 
for 5 forward-looking variable(s)

The rank condition is verified.


Initial value of the log posterior (or likelihood): 2665.946
-----------------
f at the beginning of new iteration,     -2665.9459989808
Predicted improvement:        0.000749556
lambda =          1; f =        -2664.6956924
lambda =    0.33333; f =        -2665.8103634
lambda =    0.11111; f =        -2665.9307650
lambda =   0.037037; f =        -2665.9442330
lambda =   0.012346; f =        -2665.9457781
lambda =  0.0041152; f =        -2665.9459662
lambda =  0.0013717; f =        -2665.9459926
lambda = 0.00045725; f =        -2665.9459974
lambda = 0.00015242; f =        -2665.9459985
lambda = 5.0805e-05; f =        -2665.9459988
lambda = 1.6935e-05; f =        -2665.9459989
lambda =  5.645e-06; f =        -2665.9459990
lambda = 1.8817e-06; f =        -2665.9459990
lambda = 6.2723e-07; f =        -2665.9459990
lambda = 2.0908e-07; f =        -2665.9459990
lambda = 6.9692e-08; f =        -2665.9459990
lambda = 2.3231e-08; f =        -2665.9459990
lambda = 4.4909e-08; f =        -2665.9459990
lambda = 3.0239e-08; f =        -2665.9459990
lambda = 2.3851e-08; f =        -2665.9459990
lambda = 2.3415e-08; f =        -2665.9459990
Norm of dx 0.00038718
----
Improvement on iteration 1 =        0.000000000
improvement < crit termination
warning: possible inaccuracy in H matrix

Final value of minus the log posterior (or likelihood):-2665.945999 

POSTERIOR KERNEL OPTIMIZATION PROBLEM!
 (minus) the hessian matrix at the "mode" is not positive definite!
=> posterior variance of the estimated parameters are not positive.
You should try to change the initial values of the parameters using
the estimated_params_init block, or use another optimization routine.
[Warning: The results below are most likely wrong!] 
[> In <a href="matlab:matlab.internal.language.introspective.errorDocCallback('dynare_estimation_1', 'C:\dynare\5.4\matlab\dynare_estimation_1.m', 318)" style="font-weight:bold">dynare_estimation_1</a> (<a href="matlab: opentoline('C:\dynare\5.4\matlab\dynare_estimation_1.m',318,0)">line 318</a>)
In <a href="matlab:matlab.internal.language.introspective.errorDocCallback('dynare_estimation', 'C:\dynare\5.4\matlab\dynare_estimation.m', 118)" style="font-weight:bold">dynare_estimation</a> (<a href="matlab: opentoline('C:\dynare\5.4\matlab\dynare_estimation.m',118,0)">line 118</a>)
In <a href="matlab:matlab.internal.language.introspective.errorDocCallback('BRS_growth_alt.driver', 'C:\Users\msilva913\Documents\GitHub\Shopping-effort-variable-capital-utilization-and-Solow-residual\Programs\Estimation BRS\+BRS_growth_alt\driver.m', 456)" style="font-weight:bold">BRS_growth_alt.driver</a> (<a href="matlab: opentoline('C:\Users\msilva913\Documents\GitHub\Shopping-effort-variable-capital-utilization-and-Solow-residual\Programs\Estimation BRS\+BRS_growth_alt\driver.m',456,0)">line 456</a>)
In <a href="matlab:matlab.internal.language.introspective.errorDocCallback('dynare', 'C:\dynare\5.4\matlab\dynare.m', 278)" style="font-weight:bold">dynare</a> (<a href="matlab: opentoline('C:\dynare\5.4\matlab\dynare.m',278,0)">line 278</a>)] 

MODE CHECK

Fval obtained by the minimization routine (minus the posterior/likelihood)): -2665.945999
[Warning: Matrix is singular, close to singular or badly scaled. Results may be inaccurate. RCOND = NaN.] 
[> In <a href="matlab:matlab.internal.language.introspective.errorDocCallback('dynare_estimation_1', 'C:\dynare\5.4\matlab\dynare_estimation_1.m', 341)" style="font-weight:bold">dynare_estimation_1</a> (<a href="matlab: opentoline('C:\dynare\5.4\matlab\dynare_estimation_1.m',341,0)">line 341</a>)
In <a href="matlab:matlab.internal.language.introspective.errorDocCallback('dynare_estimation', 'C:\dynare\5.4\matlab\dynare_estimation.m', 118)" style="font-weight:bold">dynare_estimation</a> (<a href="matlab: opentoline('C:\dynare\5.4\matlab\dynare_estimation.m',118,0)">line 118</a>)
In <a href="matlab:matlab.internal.language.introspective.errorDocCallback('BRS_growth_alt.driver', 'C:\Users\msilva913\Documents\GitHub\Shopping-effort-variable-capital-utilization-and-Solow-residual\Programs\Estimation BRS\+BRS_growth_alt\driver.m', 456)" style="font-weight:bold">BRS_growth_alt.driver</a> (<a href="matlab: opentoline('C:\Users\msilva913\Documents\GitHub\Shopping-effort-variable-capital-utilization-and-Solow-residual\Programs\Estimation BRS\+BRS_growth_alt\driver.m',456,0)">line 456</a>)
In <a href="matlab:matlab.internal.language.introspective.errorDocCallback('dynare', 'C:\dynare\5.4\matlab\dynare.m', 278)" style="font-weight:bold">dynare</a> (<a href="matlab: opentoline('C:\dynare\5.4\matlab\dynare.m',278,0)">line 278</a>)
] 

RESULTS FROM POSTERIOR ESTIMATION
parameters
       prior mean     mode    s.d.  prior pstdev

rho_g      0.1000   0.7995     NaN   beta 0.0500 
rho_ZI     0.6000   0.9958     NaN   beta 0.2000 
rho_N      0.6000   0.9997     NaN   beta 0.2000 
rho_D      0.6000   0.9598     NaN   beta 0.2000 

standard deviation of shocks
       prior mean     mode    s.d.  prior pstdev

e_ZI       0.0100   0.0140     NaN   invg 0.1000 
e_g        0.0100   0.0046     NaN   invg 0.1000 
e_N        0.0100   0.0236     NaN   invg 0.1000 
e_D        0.0100   0.2036     NaN   invg 0.1000 


Log data density [Laplace approximation] is NaN.

Estimation::mcmc: Multiple chains mode.
Estimation::mcmc: Old metropolis.log file successfully erased!
Estimation::mcmc: Creation of a new metropolis.log file.
Estimation::mcmc: Searching for initial values...
Estimation::mcmc: Initial values found!

Estimation::mcmc: Write details about the MCMC... Ok!
Estimation::mcmc: Details about the MCMC are available in BRS_growth_alt/metropolis\BRS_growth_alt_mh_history_0.mat


Estimation::mcmc: Number of mh files: 1 per block.
Estimation::mcmc: Total number of generated files: 2.
Estimation::mcmc: Total number of iterations: 150000.
Estimation::mcmc: Current acceptance ratio per chain: 
                                                       Chain  1: 17.654%
                                                       Chain  2: 17.3773%
Estimation::mcmc: Total number of MH draws per chain: 150000.
Estimation::mcmc: Total number of generated MH files: 1.
Estimation::mcmc: I'll use mh-files 1 to 1.
Estimation::mcmc: In MH-file number 1 I'll start at line 45001.
Estimation::mcmc: Finally I keep 105000 draws per chain.



MCMC Inefficiency factors per block
Parameter       Block 1     Block 2
SE_e_ZI          51.323      75.062
SE_e_g          321.851     411.030
SE_e_N          120.738     124.340
SE_e_D          707.791     696.354
rho_g           738.350     743.191
rho_ZI          230.485     247.438
rho_N            22.122      21.843
rho_D           345.911     351.694

Estimation::mcmc::diagnostics: Univariate convergence diagnostic, Brooks and Gelman (1998):
    Parameter 1...  Done! 
    Parameter 2...  Done! 
    Parameter 3...  Done! 
    Parameter 4...  Done! 
    Parameter 5...  Done! 
    Parameter 6...  Done! 
    Parameter 7...  Done! 
    Parameter 8...  Done! 

Estimation::marginal density: I'm computing the posterior mean and covariance...  Done!
Estimation::marginal density: I'm computing the posterior log marginal density (modified harmonic mean)... Done!


ESTIMATION RESULTS

Log data density is 2622.373582.

parameters
         prior mean   post. mean        90% HPD interval    prior       pstdev

rho_g         0.100       0.7910      0.7753      0.8100     beta       0.0500
rho_ZI        0.600       0.9949      0.9909      0.9994     beta       0.2000
rho_N         0.600       0.9993      0.9987      1.0000     beta       0.2000
rho_D         0.600       0.9585      0.9514      0.9658     beta       0.2000

standard deviation of shocks
         prior mean   post. mean        90% HPD interval    prior       pstdev

e_ZI          0.010       0.0141      0.0130      0.0151     invg       0.1000
e_g           0.010       0.0047      0.0042      0.0053     invg       0.1000
e_N           0.010       0.0239      0.0221      0.0258     invg       0.1000
e_D           0.010       0.2074      0.1934      0.2240     invg       0.1000
Estimation::compute_moments_varendo: I'm computing endogenous moments (this may take a while)... 


Posterior mean variance decomposition (in percent)
              e_g    e_ZI     e_N     e_D
Y_obs       15.89    2.92   11.51   69.69
Y_N_obs     37.08    3.83   22.70   36.40
I_obs       13.36   29.26    4.61   52.77
p_I_obs     12.71   59.32    1.21   26.76
C_obs       26.33    4.14   11.69   57.84
log_I        1.59   41.52   45.54   11.35
log_C        5.26    7.57   83.24    3.93
log_Y        2.07   13.96   78.34    5.63
log_Y_N      1.90   18.71   74.21    5.17
log_p_I      0.07   99.78    0.01    0.15


Done!


MODEL SUMMARY

  Number of variables:         35
  Number of stochastic shocks: 4
  Number of state variables:   12
  Number of jumpers:           5
  Number of static variables:  18


MATRIX OF COVARIANCE OF EXOGENOUS SHOCKS
Variables         e_g      e_ZI       e_N       e_D
e_g          0.000022  0.000000  0.000000  0.000000
e_ZI         0.000000  0.000197  0.000000  0.000000
e_N          0.000000  0.000000  0.000571  0.000000
e_D          0.000000  0.000000  0.000000  0.043008



THEORETICAL MOMENTS
VARIABLE         MEAN  STD. DEV.   VARIANCE
Y_obs          0.0000     0.0181     0.0003
Y_N_obs        0.0000     0.0138     0.0002
I_obs          0.0000     0.0455     0.0021
p_I_obs        0.0000     0.0147     0.0002
C_obs          0.0000     0.0158     0.0003
log_Y          0.0000     0.2644     0.0699
log_Y_N        0.0000     0.1580     0.0250
log_I          0.0000     0.3743     0.1401
log_p_I        0.0000     0.1389     0.0193
log_C          0.0000     0.2562     0.0656



VARIANCE DECOMPOSITION (in percent)
              e_g    e_ZI     e_N     e_D
Y_obs       15.82    2.92   11.46   69.80
Y_N_obs     37.09    3.83   22.66   36.42
I_obs       13.24   29.47    4.56   52.73
p_I_obs     12.68   59.31    1.20   26.81
C_obs       26.27    4.19   11.65   57.90
log_Y        2.27   10.94   80.67    6.12
log_Y_N      2.15   15.43   76.66    5.76
log_I        1.90   41.70   42.89   13.50
log_p_I      0.07   99.77    0.01    0.15
log_C        5.55    5.50   84.85    4.09

CONDITIONAL VARIANCE DECOMPOSITION (in percent)
Period 1:
              e_g    e_ZI     e_N     e_D
Y_obs        5.72    3.17   12.98   78.13
Y_N_obs     18.79    4.87   29.48   46.86
I_obs        2.45   34.62    5.52   57.41
p_I_obs      8.43   73.05    0.79   17.73
C_obs       21.44    1.98   13.94   62.63
log_Y        1.57    3.31   13.55   81.58
log_Y_N      0.68    5.95   36.06   57.31
log_I        9.10   32.26    5.14   53.50
log_p_I      8.43   73.05    0.79   17.73
log_C        0.14    2.52   17.72   79.62
Period 4:
              e_g    e_ZI     e_N     e_D
Y_obs       13.15    2.93   11.92   72.01
Y_N_obs     32.95    4.05   24.32   38.68
I_obs        9.68   31.22    4.86   54.25
p_I_obs     12.71   59.22    1.20   26.87
C_obs       25.13    3.77   11.88   59.23
log_Y        6.14    3.56   14.30   76.00
log_Y_N      4.37    6.88   34.47   54.27
log_I        4.85   33.67    5.15   56.33
log_p_I      1.82   94.17    0.17    3.83
log_C        8.69   10.95   19.84   60.53
Period 8:
              e_g    e_ZI     e_N     e_D
Y_obs       15.13    2.88   11.62   70.36
Y_N_obs     36.37    3.85   23.05   36.74
I_obs       12.96   29.88    4.65   52.50
p_I_obs     12.71   59.22    1.20   26.87
C_obs       25.57    3.85   11.80   58.78
log_Y       11.51    4.26   14.96   69.27
log_Y_N      8.36    7.80   33.85   49.99
log_I        2.80   36.95    5.73   54.52
log_p_I      0.91   97.10    0.09    1.91
log_C       30.85    7.78   16.98   44.38
Period 40:
              e_g    e_ZI     e_N     e_D
Y_obs       15.79    2.90   11.47   69.83
Y_N_obs     37.11    3.81   22.68   36.40
I_obs       13.24   29.43    4.57   52.76
p_I_obs     12.70   59.25    1.20   26.85
C_obs       26.18    4.14   11.68   58.00
log_Y       16.53   12.37   24.14   46.96
log_Y_N     11.96   16.65   37.46   33.93
log_I        4.15   50.93    9.01   35.91
log_p_I      0.21   99.33    0.02    0.44
log_C       45.57    2.44   22.04   29.94



MATRIX OF CORRELATIONS
Variables      Y_obs  Y_N_obs    I_obs  p_I_obs    C_obs    log_Y  log_Y_N    log_I  log_p_I    log_C
Y_obs         1.0000   0.6170   0.7563   0.2157   0.8824   0.0005  -0.0152   0.0475   0.0088  -0.0166
Y_N_obs       0.6170   1.0000   0.4940   0.0094   0.5248  -0.0210  -0.0082   0.0182  -0.0089  -0.0337
I_obs         0.7563   0.4940   1.0000  -0.2275   0.3596  -0.0030  -0.0102   0.0504   0.0151  -0.0223
p_I_obs       0.2157   0.0094  -0.2275   1.0000   0.4712   0.0045   0.0004  -0.0483   0.0529   0.0234
C_obs         0.8824   0.5248   0.3596   0.4712   1.0000   0.0030  -0.0143   0.0315   0.0016  -0.0077
log_Y         0.0005  -0.0210  -0.0030   0.0045   0.0030   1.0000  -0.5715   0.8462  -0.3139   0.9809
log_Y_N      -0.0152  -0.0082  -0.0102   0.0004  -0.0143  -0.5715   1.0000  -0.2721  -0.3792  -0.6378
log_I         0.0475   0.0182   0.0504  -0.0483   0.0315   0.8462  -0.2721   1.0000  -0.6356   0.7262
log_p_I       0.0088  -0.0089   0.0151   0.0529   0.0016  -0.3139  -0.3792  -0.6356   1.0000  -0.1727
log_C        -0.0166  -0.0337  -0.0223   0.0234  -0.0077   0.9809  -0.6378   0.7262  -0.1727   1.0000



COEFFICIENTS OF AUTOCORRELATION
Order            1        2        3        4        5
Y_obs       0.1022   0.0994   0.0811   0.0666   0.0550
Y_N_obs     0.2946   0.2318   0.1861   0.1499   0.1212
I_obs       0.3899   0.0218   0.0121   0.0046  -0.0012
p_I_obs    -0.0432  -0.0023  -0.0023  -0.0023  -0.0023
C_obs      -0.0384   0.0661   0.0595   0.0540   0.0495
log_Y       0.9980   0.9960   0.9939   0.9918   0.9897
log_Y_N     0.9975   0.9950   0.9923   0.9897   0.9870
log_I       0.9927   0.9805   0.9688   0.9577   0.9471
log_p_I     0.9944   0.9893   0.9842   0.9791   0.9741
log_C       0.9984   0.9973   0.9959   0.9944   0.9927
Total computing time : 0h18m49s
Note: 1 warning(s) encountered in the preprocessor
Note: warning(s) encountered in MATLAB/Octave code
