Starting Dynare (version 5.4).
Calling Dynare with arguments: none
Starting preprocessing of the model file ...
Found 60 equation(s).
Evaluating expressions...done
Computing static model derivatives (order 1).
Computing dynamic model derivatives (order 1).
Processing outputs ...
done
Preprocessing completed.





Residuals of the static equations:

Equation number 1 : 0 : Labor leisure
Equation number 2 : 0 : Shopping:C
Equation number 3 : 0 : Shopping:I
Equation number 4 : 0 : Composite utility term
Equation number 5 : 0 : Investment adjustment cost function
Equation number 6 : 0 : Investment adjustment cost function: derivative
Equation number 7 : 0 : Investment growth
Equation number 8 : 0 : Tobins Q
Equation number 9 : 0 : Euler equation: C
Equation number 10 : 0 : Euler equation: I
Equation number 11 : 0 : Utilization: C
Equation number 12 : 0 : Utilization: I
Equation number 13 : 0 : Depreciation rate: C
Equation number 14 : 0 : Depreciation rate: I
Equation number 15 : 0 : Depreciation rate derivative: C
Equation number 16 : 0 : Depreciation rate derivative: I
Equation number 17 : 0 : Consumption production
Equation number 18 : 0 : Investment production
Equation number 19 : 0 : Capital law of motion
Equation number 20 : 0 : Labor demand:C
Equation number 21 : 0 : Labor demand:I
Equation number 22 : 0 : Capital demand:C
Equation number 23 : 0 : Capital demand:I
Equation number 24 : 0 : Labor composition
Equation number 25 : 0 : Capital composition
Equation number 26 : 0 : Shopping composition
Equation number 27 : 0 : Output (base-year prices)
Equation number 28 : 0 : Capacity utilization
Equation number 29 : 0 : stochastic trend process
Equation number 30 : 0 : Stationary TFP process
Equation number 31 : 0 : Independent component of I-specific tech
Equation number 32 : 0 : Investment-specific TFP process
Equation number 33 : 0 : Labor supply process
Equation number 34 : 0 : Shopping effort process
Equation number 35 : 0 : Relative shopping effort process
Equation number 36 : 0 : Consumption preference process
Equation number 37 : 0 : Definition log output
Equation number 38 : 0 : Definition log consumption
Equation number 39 : 0 : Definition log investment
Equation number 40 : 0 : Definition log hours
Equation number 41 : 0 : log_NC
Equation number 42 : 0 : log_NI
Equation number 43 : 0 : log capital
Equation number 44 : 0 : Definition log labor productivity
Equation number 45 : 0 : Definition log shopping effort
Equation number 46 : 0 : Definition of log relative investment  price
Equation number 47 : 0 : Definition of log capacity utilization
Equation number 48 : 0 : Definition of log Solow residual
Equation number 49 : 0 : C_obs
Equation number 50 : 0 : I_obs
Equation number 51 : 0 : Y_obs
Equation number 52 : 0 : Y_N_obs
Equation number 53 : 0 : K_obs
Equation number 54 : 0 : SR_obs
Equation number 55 : 0 : p_I_obs
Equation number 56 : 0 : N_obs
Equation number 57 : 0 : NC_obs
Equation number 58 : 0 : NI_obs
Equation number 59 : 0 : util_obs
Equation number 60 : 0 : D_obs



STEADY-STATE RESULTS:

Y          		 1
C          		 0.8
I          		 0.2
K          		 11.0497
K_C        		 8.83978
K_I        		 2.20994
N          		 0.3
N_C        		 0.24
N_I        		 0.06
Z_C        		 0
u_ZI       		 0
Z_I        		 0
theta_N    		 0
theta_D    		 0
theta_I    		 0
theta_C    		 0
R_C        		 0.0348181
R_I        		 0.0348181
W          		 2.23333
h_C        		 1
h_I        		 1
delta_C    		 0.0136616
delta_I    		 0.0136616
delta_C_pr 		 0.023515
delta_I_pr 		 0.023515
S          		 0
S_pr       		 0
D          		 0.82902
D_C        		 0.663216
D_I        		 0.165804
Gam        		 0.556477
p_I        		 1
Q          		 1.48067
x          		 1.00452
log_SR     		 0
util       		 0.81
g          		 0.00451
log_Y      		 0
log_C      		 0
log_I      		 0
log_N      		 0
log_NC     		 0
log_NI     		 0
log_K      		 0
log_Y_N    		 0
log_D      		 0
log_p_I    		 0
log_util   		 0
C_obs      		 0
I_obs      		 0
Y_obs      		 0
Y_N_obs    		 0
p_I_obs    		 0
N_obs      		 0
NC_obs     		 0
NI_obs     		 0
util_obs   		 0
D_obs      		 0
K_obs      		 0
SR_obs     		 0

EIGENVALUES:
         Modulus             Real        Imaginary

               0                0                0
               0                0                0
       1.287e-17       -1.287e-17                0
       2.066e-17        2.066e-17                0
       2.511e-17       -2.511e-17                0
       3.404e-17        3.404e-17                0
       3.391e-16       -3.391e-16                0
       3.815e-16        3.815e-16                0
       4.473e-16        4.473e-16                0
       5.328e-09        3.368e-16        5.328e-09
       5.328e-09        3.368e-16       -5.328e-09
       1.681e-08        1.681e-08                0
       1.681e-08       -1.681e-08                0
             0.1              0.1                0
          0.5348           0.5348                0
             0.9              0.9                0
             0.9              0.9                0
             0.9              0.9                0
             0.9              0.9                0
             0.9              0.9                0
             0.9              0.9                0
          0.9926           0.9926                0
           1.016            1.016                0
           1.874            1.874                0
       1.455e+16       -1.455e+16                0
       2.735e+16        2.735e+16                0
       3.603e+16        3.603e+16                0
       8.851e+16        8.851e+16                0
       1.214e+17        1.214e+17                0
       1.488e+17        1.488e+17                0
       1.477e+18       -1.477e+18                0
       5.308e+18       -5.308e+18                0
        1.11e+19         1.11e+19                0
       1.174e+19        1.174e+19                0


There are 12 eigenvalue(s) larger than 1 in modulus 
for 12 forward-looking variable(s)

The rank condition is verified.


Initial value of the log posterior (or likelihood): 3420.2896

POSTERIOR KERNEL OPTIMIZATION PROBLEM!
 (minus) the hessian matrix at the "mode" is not positive definite!
=> posterior variance of the estimated parameters are not positive.
You should try to change the initial values of the parameters using
the estimated_params_init block, or use another optimization routine.
[Warning: The results below are most likely wrong!] 
[> In <a href="matlab:matlab.internal.language.introspective.errorDocCallback('dynare_estimation_1', 'C:\dynare\5.4\matlab\dynare_estimation_1.m', 318)" style="font-weight:bold">dynare_estimation_1</a> (<a href="matlab: opentoline('C:\dynare\5.4\matlab\dynare_estimation_1.m',318,0)">line 318</a>)
In <a href="matlab:matlab.internal.language.introspective.errorDocCallback('dynare_estimation', 'C:\dynare\5.4\matlab\dynare_estimation.m', 118)" style="font-weight:bold">dynare_estimation</a> (<a href="matlab: opentoline('C:\dynare\5.4\matlab\dynare_estimation.m',118,0)">line 118</a>)
In <a href="matlab:matlab.internal.language.introspective.errorDocCallback('BRS_growth_util.driver', 'C:\Users\msilva913\Documents\GitHub\Shopping-effort-variable-capital-utilization-and-Solow-residual\Programs\Estimation BRS\+BRS_growth_util\driver.m', 668)" style="font-weight:bold">BRS_growth_util.driver</a> (<a href="matlab: opentoline('C:\Users\msilva913\Documents\GitHub\Shopping-effort-variable-capital-utilization-and-Solow-residual\Programs\Estimation BRS\+BRS_growth_util\driver.m',668,0)">line 668</a>)
In <a href="matlab:matlab.internal.language.introspective.errorDocCallback('dynare', 'C:\dynare\5.4\matlab\dynare.m', 278)" style="font-weight:bold">dynare</a> (<a href="matlab: opentoline('C:\dynare\5.4\matlab\dynare.m',278,0)">line 278</a>)] 

MODE CHECK

Fval obtained by the minimization routine (minus the posterior/likelihood)): -3420.289605
[Warning: Matrix is singular, close to singular or badly scaled. Results may be inaccurate. RCOND = NaN.] 
[> In <a href="matlab:matlab.internal.language.introspective.errorDocCallback('dynare_estimation_1', 'C:\dynare\5.4\matlab\dynare_estimation_1.m', 341)" style="font-weight:bold">dynare_estimation_1</a> (<a href="matlab: opentoline('C:\dynare\5.4\matlab\dynare_estimation_1.m',341,0)">line 341</a>)
In <a href="matlab:matlab.internal.language.introspective.errorDocCallback('dynare_estimation', 'C:\dynare\5.4\matlab\dynare_estimation.m', 118)" style="font-weight:bold">dynare_estimation</a> (<a href="matlab: opentoline('C:\dynare\5.4\matlab\dynare_estimation.m',118,0)">line 118</a>)
In <a href="matlab:matlab.internal.language.introspective.errorDocCallback('BRS_growth_util.driver', 'C:\Users\msilva913\Documents\GitHub\Shopping-effort-variable-capital-utilization-and-Solow-residual\Programs\Estimation BRS\+BRS_growth_util\driver.m', 668)" style="font-weight:bold">BRS_growth_util.driver</a> (<a href="matlab: opentoline('C:\Users\msilva913\Documents\GitHub\Shopping-effort-variable-capital-utilization-and-Solow-residual\Programs\Estimation BRS\+BRS_growth_util\driver.m',668,0)">line 668</a>)
In <a href="matlab:matlab.internal.language.introspective.errorDocCallback('dynare', 'C:\dynare\5.4\matlab\dynare.m', 278)" style="font-weight:bold">dynare</a> (<a href="matlab: opentoline('C:\dynare\5.4\matlab\dynare.m',278,0)">line 278</a>)
] 

RESULTS FROM POSTERIOR ESTIMATION
parameters
        prior mean     mode    s.d.  prior pstdev

gam         1.5000   2.1389     NaN   beta 0.2500 
sigma_a     0.3200   0.0040     NaN   gamm 0.2000 
Psi_K       1.5000   1.1542     NaN   gamm 1.0000 
eta         0.2000   0.8670     NaN   gamm 0.1500 
rho_g       0.1000   0.0696     NaN   beta 0.0500 
rho_Z       0.6000   0.8804     NaN   beta 0.2000 
rho_ZI      0.6000   0.0384     NaN   beta 0.2000 
rho_N       0.6000   0.9998     NaN   beta 0.2000 
rho_D       0.6000   0.9191     NaN   beta 0.2000 
rho_DI      0.6000   0.9996     NaN   beta 0.2000 
rho_C       0.6000   0.9999     NaN   beta 0.2000 

standard deviation of shocks
        prior mean     mode    s.d.  prior pstdev

e_g         0.0100   0.0046     NaN   invg 0.1000 
e_Z         0.0100   0.0100     NaN   invg 0.1000 
e_ZI        0.0100   0.0022     NaN   invg 0.1000 
e_N         0.0100   0.0030     NaN   invg 0.1000 
e_D         0.0100   0.0747     NaN   invg 0.1000 
e_DI        0.0100   0.0143     NaN   invg 0.1000 
e_C         0.0100   0.0056     NaN   invg 0.1000 


Log data density [Laplace approximation] is NaN.

Estimation::mcmc: Total number of MH draws per chain: 100000.
Estimation::mcmc: Total number of generated MH files: 1.
Estimation::mcmc: I'll use mh-files 1 to 1.
Estimation::mcmc: In MH-file number 1 I'll start at line 30001.
Estimation::mcmc: Finally I keep 70000 draws per chain.



MCMC Inefficiency factors per block
Parameter       Block 1     Block 2
SE_e_g          130.805     155.316
SE_e_Z          279.396     194.504
SE_e_ZI         104.800     116.474
SE_e_N          190.660     202.529
SE_e_D          725.355     720.359
SE_e_DI         417.455     421.020
SE_e_C          128.228     143.140
gam             728.724     711.700
sigma_a         628.399     679.073
Psi_K           724.736     738.763
eta             742.441     743.213
rho_g           742.726     735.178
rho_Z           732.305     718.699
rho_ZI          740.687     734.464
rho_N           726.730     725.840
rho_D           732.078     733.774
rho_DI          272.276     287.248
rho_C            19.578      21.856

Estimation::mcmc::diagnostics: Univariate convergence diagnostic, Brooks and Gelman (1998):
    Parameter 1...  Done! 
    Parameter 2...  Done! 
    Parameter 3...  Done! 
    Parameter 4...  Done! 
    Parameter 5...  Done! 
    Parameter 6...  Done! 
    Parameter 7...  Done! 
    Parameter 8...  Done! 
    Parameter 9...  Done! 
    Parameter 10...  Done! 
    Parameter 11...  Done! 
    Parameter 12...  Done! 
    Parameter 13...  Done! 
    Parameter 14...  Done! 
    Parameter 15...  Done! 
    Parameter 16...  Done! 
    Parameter 17...  Done! 
    Parameter 18...  Done! 

Estimation::marginal density: I'm computing the posterior mean and covariance...  Done!
Estimation::marginal density: I'm computing the posterior log marginal density (modified harmonic mean)... Done!


ESTIMATION RESULTS

Log data density is 3326.636262.

parameters
          prior mean   post. mean        90% HPD interval    prior       pstdev

gam            1.500       2.1386      2.1102      2.1602     beta       0.2500
sigma_a        0.320       0.0066      0.0010      0.0119     gamm       0.2000
Psi_K          1.500       1.0007      0.8876      1.1154     gamm       1.0000
eta            0.200       0.8735      0.8573      0.8929     gamm       0.1500
rho_g          0.100       0.0616      0.0526      0.0720     beta       0.0500
rho_Z          0.600       0.8913      0.8728      0.9141     beta       0.2000
rho_ZI         0.600       0.0438      0.0199      0.0744     beta       0.2000
rho_N          0.600       0.9795      0.9661      0.9930     beta       0.2000
rho_D          0.600       0.9117      0.8966      0.9324     beta       0.2000
rho_DI         0.600       0.9987      0.9975      0.9999     beta       0.2000
rho_C          0.600       0.9999      0.9998      1.0000     beta       0.2000

standard deviation of shocks
          prior mean   post. mean        90% HPD interval    prior       pstdev

e_g            0.010       0.0043      0.0039      0.0047     invg       0.1000
e_Z            0.010       0.0099      0.0091      0.0106     invg       0.1000
e_ZI           0.010       0.0023      0.0018      0.0027     invg       0.1000
e_N            0.010       0.0027      0.0020      0.0034     invg       0.1000
e_D            0.010       0.0769      0.0703      0.0819     invg       0.1000
e_DI           0.010       0.0145      0.0131      0.0158     invg       0.1000
e_C            0.010       0.0061      0.0056      0.0066     invg       0.1000

MODEL SUMMARY

  Number of variables:         60
  Number of stochastic shocks: 7
  Number of state variables:   22
  Number of jumpers:           12
  Number of static variables:  28


MATRIX OF COVARIANCE OF EXOGENOUS SHOCKS
Variables         e_g       e_Z      e_ZI       e_N       e_D      e_DI       e_C
e_g          0.000019  0.000000  0.000000  0.000000  0.000000  0.000000  0.000000
e_Z          0.000000  0.000097  0.000000  0.000000  0.000000  0.000000  0.000000
e_ZI         0.000000  0.000000  0.000005  0.000000  0.000000  0.000000  0.000000
e_N          0.000000  0.000000  0.000000  0.000007  0.000000  0.000000  0.000000
e_D          0.000000  0.000000  0.000000  0.000000  0.005918  0.000000  0.000000
e_DI         0.000000  0.000000  0.000000  0.000000  0.000000  0.000210  0.000000
e_C          0.000000  0.000000  0.000000  0.000000  0.000000  0.000000  0.000037



THEORETICAL MOMENTS
VARIABLE         MEAN  STD. DEV.   VARIANCE
Y_obs          0.0000     0.0485     0.0024
Y_N_obs        0.0000     0.0083     0.0001
SR_obs         0.0000     0.0193     0.0004
I_obs          0.0000     0.1152     0.0133
p_I_obs        0.0000     0.0071     0.0001
C_obs          0.0000     0.0350     0.0012
NC_obs         0.0000     0.0349     0.0012
NI_obs         0.0000     0.1040     0.0108
util_obs       0.0000     0.0268     0.0007
D_obs          0.0000     0.0559     0.0031
log_Y          0.0000     1.0099     1.0199
log_Y_N        0.0000     0.2828     0.0800
log_SR         0.0000     0.7992     0.6388
log_I          0.0000     0.8777     0.7704
log_p_I        0.0000     0.1238     0.0153
log_C          0.0000     1.1283     1.2730
log_N          0.0000     1.2809     1.6407
log_NC         0.0000     1.3898     1.9316
log_NI         0.0000     1.0433     1.0884
log_util       0.0000     0.4343     0.1886
log_D          0.0000     0.6697     0.4485



VARIANCE DECOMPOSITION (in percent)
               e_g     e_Z    e_ZI     e_N     e_D    e_DI     e_C
Y_obs         0.57   29.23    0.01    0.30   62.86    0.38    6.65
Y_N_obs      25.71   18.52    0.82    8.17   12.30    3.53   30.95
SR_obs        4.40   34.26    0.11    0.19   59.54    1.12    0.36
I_obs         0.07   32.00    0.05    0.25   66.66    0.35    0.62
p_I_obs       0.00    1.31   22.64    0.00    0.68   75.35    0.01
C_obs         1.28   25.74    0.00    0.32   56.85    0.39   15.40
NC_obs        0.01   18.82    0.00    1.61   51.87    0.27   27.43
NI_obs        0.05   30.44    0.03    0.52   67.19    0.13    1.64
util_obs      0.07    7.78    0.01    0.10   86.13    0.85    5.05
D_obs         0.00    4.75    0.00    0.05   92.65    0.15    2.40
log_Y         0.00    0.79    0.00    0.04    2.09    0.93   96.15
log_Y_N       0.00    0.20    0.00    0.14    0.25    1.67   97.74
log_SR        0.38    4.28    0.00    0.68   12.04    7.75   74.88
log_I         0.28   12.12    0.00    0.78   31.63    8.03   47.16
log_p_I       0.00    0.07    0.04    0.00    0.10   99.55    0.24
log_C         0.01    0.31    0.00    0.04    0.87    0.78   98.00
log_N         0.00    0.37    0.00    0.06    1.06    0.22   98.29
log_NC        0.01    0.15    0.00    0.04    0.47    0.38   98.94
log_NI        0.16    6.70    0.00    0.56   18.04    2.90   71.64
log_util      0.80    9.10    0.00    1.39   28.21   14.95   45.54
log_D         0.00    0.39    0.00    0.02    5.31    0.82   93.46

CONDITIONAL VARIANCE DECOMPOSITION (in percent)
Period 1:
               e_g     e_Z    e_ZI     e_N     e_D    e_DI     e_C
Y_obs         0.62   28.97    0.01    0.30   62.43    0.38    7.29
Y_N_obs      27.58   17.48    0.50    8.68    8.67    3.77   33.31
SR_obs        5.13   34.48    0.09    0.18   58.57    1.25    0.32
I_obs         0.06   32.19    0.06    0.24   66.56    0.33    0.57
p_I_obs       0.00    0.14   13.55    0.00    0.28   86.02    0.00
C_obs         1.32   25.47    0.00    0.33   56.64    0.40   15.84
NC_obs        0.01   18.54    0.00    1.64   51.44    0.28   28.10
NI_obs        0.04   30.19    0.00    0.61   67.11    0.01    2.03
util_obs      0.08    3.53    0.00    0.07   89.47    0.95    5.92
D_obs         0.00    4.44    0.00    0.05   92.88    0.15    2.49
log_Y         0.02   29.14    0.01    0.30   62.80    0.38    7.34
log_Y_N       0.02   24.13    0.68   11.99   11.98    5.21   46.00
log_SR        0.03   36.33    0.09    0.19   61.71    1.31    0.33
log_I         0.05   32.19    0.06    0.24   66.57    0.33    0.57
log_p_I       0.00    0.14   13.55    0.00    0.28   86.02    0.00
log_C         0.01   25.80    0.00    0.33   57.39    0.41   16.05
log_N         0.02   23.74    0.00    1.23   59.85    0.09   15.07
log_NC        0.01   18.54    0.00    1.64   51.44    0.28   28.10
log_NI        0.04   30.19    0.00    0.61   67.11    0.01    2.03
log_util      0.08    3.53    0.00    0.07   89.47    0.95    5.92
log_D         0.00    4.44    0.00    0.05   92.88    0.15    2.49
Period 4:
               e_g     e_Z    e_ZI     e_N     e_D    e_DI     e_C
Y_obs         0.60   28.93    0.01    0.31   62.71    0.40    7.04
Y_N_obs      26.36   17.68    0.84    8.31   11.46    3.61   31.73
SR_obs        4.94   34.15    0.13    0.20   58.95    1.24    0.39
I_obs         0.07   31.70    0.05    0.27   66.85    0.38    0.67
p_I_obs       0.00    1.21   22.70    0.00    0.60   75.49    0.01
C_obs         1.32   25.55    0.00    0.33   56.63    0.40   15.78
NC_obs        0.01   18.63    0.00    1.63   51.50    0.28   27.96
NI_obs        0.06   30.08    0.04    0.55   67.33    0.14    1.81
util_obs      0.08    6.86    0.01    0.10   86.49    0.93    5.53
D_obs         0.00    4.60    0.00    0.05   92.71    0.15    2.49
log_Y         0.01   28.70    0.00    0.35   64.24    0.47    6.23
log_Y_N       0.01   28.20    0.14    8.19   24.59    4.80   34.08
log_SR        0.34   33.95    0.02    0.06   63.68    1.37    0.58
log_I         0.01   31.20    0.01    0.29   67.33    0.42    0.74
log_p_I       0.00    1.93    3.65    0.01    1.44   92.96    0.00
log_C         0.02   24.39    0.00    0.39   56.98    0.50   17.74
log_N         0.01   24.43    0.00    1.12   61.64    0.17   12.63
log_NC        0.01   17.25    0.00    1.75   49.56    0.34   31.08
log_NI        0.01   29.90    0.00    0.52   67.83    0.06    1.68
log_util      0.09    9.54    0.00    0.14   84.30    0.97    4.96
log_D         0.00    6.24    0.00    0.08   90.61    0.21    2.87
Period 8:
               e_g     e_Z    e_ZI     e_N     e_D    e_DI     e_C
Y_obs         0.59   29.15    0.01    0.30   62.64    0.40    6.91
Y_N_obs      26.15   18.06    0.83    8.26   11.63    3.59   31.48
SR_obs        4.72   34.44    0.12    0.19   58.96    1.19    0.38
I_obs         0.07   31.99    0.05    0.26   66.58    0.38    0.67
p_I_obs       0.00    1.25   22.68    0.00    0.62   75.44    0.01
C_obs         1.30   25.69    0.00    0.32   56.69    0.40   15.60
NC_obs        0.01   18.75    0.00    1.61   51.65    0.27   27.70
NI_obs        0.05   30.37    0.04    0.54   67.09    0.14    1.76
util_obs      0.08    7.17    0.01    0.10   86.38    0.90    5.36
D_obs         0.00    4.65    0.00    0.05   92.69    0.15    2.45
log_Y         0.00   27.25    0.00    0.43   64.44    0.63    7.25
log_Y_N       0.00   26.00    0.07    7.43   27.32    5.31   33.86
log_SR        0.53   32.05    0.01    0.05   64.53    1.89    0.94
log_I         0.01   29.77    0.00    0.37   68.22    0.59    1.04
log_p_I       0.00    1.88    1.86    0.01    1.64   94.61    0.00
log_C         0.02   22.38    0.00    0.46   55.13    0.63   21.39
log_N         0.00   23.19    0.00    1.24   61.04    0.25   14.27
log_NC        0.01   15.30    0.00    1.94   45.96    0.41   36.38
log_NI        0.01   28.64    0.00    0.62   68.51    0.13    2.10
log_util      0.13   10.35    0.00    0.19   82.01    1.27    6.06
log_D         0.00    6.71    0.00    0.11   89.19    0.30    3.68
Period 40:
               e_g     e_Z    e_ZI     e_N     e_D    e_DI     e_C
Y_obs         0.57   29.23    0.01    0.30   62.86    0.38    6.65
Y_N_obs      25.72   18.53    0.82    8.16   12.30    3.53   30.96
SR_obs        4.41   34.27    0.11    0.19   59.56    1.11    0.35
I_obs         0.07   32.00    0.05    0.25   66.66    0.35    0.62
p_I_obs       0.00    1.31   22.65    0.00    0.68   75.34    0.01
C_obs         1.28   25.74    0.00    0.32   56.85    0.39   15.40
NC_obs        0.01   18.82    0.00    1.61   51.87    0.27   27.43
NI_obs        0.05   30.44    0.03    0.51   67.19    0.13    1.64
util_obs      0.07    7.78    0.01    0.10   86.14    0.85    5.05
D_obs         0.00    4.75    0.00    0.05   92.65    0.15    2.40
log_Y         0.00   20.61    0.00    0.84   54.15    2.10   22.28
log_Y_N       0.00   12.05    0.02    7.06   14.93    9.55   56.39
log_SR        1.96   28.46    0.01    0.47   60.10    5.64    3.36
log_I         0.03   26.06    0.00    0.84   66.16    2.42    4.50
log_p_I       0.00    0.53    0.40    0.01    0.53   98.53    0.00
log_C         0.04   13.31    0.00    0.71   36.41    1.48   48.04
log_N         0.00   15.34    0.00    1.98   44.57    0.79   37.32
log_NC        0.02    7.36    0.00    2.16   24.19    0.78   65.49
log_NI        0.03   24.63    0.00    1.32   65.13    0.63    8.28
log_util      0.49    9.05    0.00    0.26   65.70    4.15   20.35
log_D         0.00    5.86    0.00    0.24   80.05    1.11   12.74



MATRIX OF CORRELATIONS
Variables       Y_obs   Y_N_obs    SR_obs     I_obs   p_I_obs     C_obs    NC_obs    NI_obs  util_obs     D_obs     log_Y   log_Y_N    log_SR     log_I   log_p_I     log_C     log_N    log_NC    log_NI  log_util     log_D
Y_obs          1.0000    0.3884    0.9577    0.9385   -0.1395    0.9589    0.9173    0.9464    0.9257    0.9030    0.0238    0.0019    0.0222    0.0375   -0.0024    0.0194    0.0184    0.0155    0.0300    0.0397    0.0513
Y_N_obs        0.3884    1.0000    0.6177    0.4982   -0.2634    0.2625    0.0612    0.4225    0.3088    0.2901    0.0133    0.0108    0.0109    0.0308   -0.0073    0.0089    0.0081    0.0054    0.0211    0.0172    0.0267
SR_obs         0.9577    0.6177    1.0000    0.9323   -0.1925    0.8908    0.7969    0.9171    0.8753    0.8525    0.0008    0.0015    0.0114   -0.0315    0.0080    0.0071    0.0003    0.0048   -0.0236    0.0075    0.0226
I_obs          0.9385    0.4982    0.9323    1.0000   -0.1616    0.8019    0.7412    0.9951    0.9006    0.8108    0.0312    0.0072    0.0281    0.0656   -0.0038    0.0221    0.0230    0.0170    0.0505    0.0512    0.0625
p_I_obs       -0.1395   -0.2634   -0.1925   -0.1616    1.0000   -0.1085   -0.0927   -0.0952   -0.1627   -0.0951   -0.0047   -0.0040   -0.0080   -0.0126    0.0288   -0.0028   -0.0028   -0.0020   -0.0064   -0.0123   -0.0079
C_obs          0.9589    0.2625    0.8908    0.8019   -0.1085    1.0000    0.9780    0.8196    0.8614    0.8960    0.0156   -0.0026    0.0153    0.0111   -0.0011    0.0153    0.0129    0.0128    0.0105    0.0266    0.0374
NC_obs         0.9173    0.0612    0.7969    0.7412   -0.0927    0.9780    1.0000    0.7738    0.8387    0.8690    0.0144   -0.0045    0.0146    0.0082   -0.0007    0.0145    0.0123    0.0125    0.0088    0.0258    0.0348
NI_obs         0.9464    0.4225    0.9171    0.9951   -0.0952    0.8196    0.7738    1.0000    0.9103    0.8244    0.0310    0.0062    0.0278    0.0642   -0.0018    0.0222    0.0231    0.0172    0.0498    0.0511    0.0623
util_obs       0.9257    0.3088    0.8753    0.9006   -0.1627    0.8614    0.8387    0.9103    1.0000    0.9533    0.0136    0.0009    0.0181    0.0094    0.0021    0.0134    0.0105    0.0106    0.0083    0.0309    0.0436
D_obs          0.9030    0.2901    0.8525    0.8108   -0.0951    0.8960    0.8690    0.8244    0.9533    1.0000    0.0139   -0.0009    0.0140    0.0082   -0.0000    0.0139    0.0111    0.0114    0.0078    0.0266    0.0418
log_Y          0.0238    0.0133    0.0008    0.0312   -0.0047    0.0156    0.0144    0.0310    0.0136    0.0139    1.0000   -0.9466   -0.7297    0.6656   -0.0613    0.9894    0.9975    0.9895    0.8508   -0.1470    0.9956
log_Y_N        0.0019    0.0108    0.0015    0.0072   -0.0040   -0.0026   -0.0045    0.0062    0.0009   -0.0009   -0.9466    1.0000    0.7220   -0.5049   -0.1708   -0.9609   -0.9672   -0.9720   -0.7580    0.1671   -0.9307
log_SR         0.0222    0.0109    0.0114    0.0281   -0.0080    0.0153    0.0146    0.0278    0.0181    0.0140   -0.7297    0.7220    1.0000   -0.0264    0.0321   -0.8113   -0.7348   -0.7937   -0.2813    0.7815   -0.7142
log_I          0.0375    0.0308   -0.0315    0.0656   -0.0126    0.0111    0.0082    0.0642    0.0094    0.0082    0.6656   -0.5049   -0.0264    1.0000   -0.1908    0.5503    0.6363    0.5561    0.9428    0.5475    0.6890
log_p_I       -0.0024   -0.0073    0.0080   -0.0038    0.0288   -0.0011   -0.0007   -0.0018    0.0021   -0.0000   -0.0613   -0.1708    0.0321   -0.1908    1.0000   -0.0315   -0.0106   -0.0088   -0.0187    0.0130   -0.0577
log_C          0.0194    0.0089    0.0071    0.0221   -0.0028    0.0153    0.0145    0.0222    0.0134    0.0139    0.9894   -0.9609   -0.8113    0.5503   -0.0315    1.0000    0.9923    0.9989    0.7685   -0.2709    0.9799
log_N          0.0184    0.0081    0.0003    0.0230   -0.0028    0.0129    0.0123    0.0231    0.0105    0.0111    0.9975   -0.9672   -0.7348    0.6363   -0.0106    0.9923    1.0000    0.9947    0.8382   -0.1528    0.9905
log_NC         0.0155    0.0054    0.0048    0.0170   -0.0020    0.0128    0.0125    0.0172    0.0106    0.0114    0.9895   -0.9720   -0.7937    0.5561   -0.0088    0.9989    0.9947    1.0000    0.7779   -0.2432    0.9789
log_NI         0.0300    0.0211   -0.0236    0.0505   -0.0064    0.0105    0.0088    0.0498    0.0083    0.0078    0.8508   -0.7580   -0.2813    0.9428   -0.0187    0.7685    0.8382    0.7779    1.0000    0.3582    0.8641
log_util       0.0397    0.0172    0.0075    0.0512   -0.0123    0.0266    0.0258    0.0511    0.0309    0.0266   -0.1470    0.1671    0.7815    0.5475    0.0130   -0.2709   -0.1528   -0.2432    0.3582    1.0000   -0.1280
log_D          0.0513    0.0267    0.0226    0.0625   -0.0079    0.0374    0.0348    0.0623    0.0436    0.0418    0.9956   -0.9307   -0.7142    0.6890   -0.0577    0.9799    0.9905    0.9789    0.8641   -0.1280    1.0000



COEFFICIENTS OF AUTOCORRELATION
Order             1        2        3        4        5
Y_obs        0.2466   0.1084   0.0289  -0.0154  -0.0389
Y_N_obs      0.1272   0.0491   0.0126  -0.0072  -0.0176
SR_obs       0.2832   0.1290   0.0421  -0.0067  -0.0329
I_obs        0.5276   0.2491   0.0882  -0.0026  -0.0518
p_I_obs     -0.0954  -0.0004   0.0010  -0.0004  -0.0013
C_obs        0.0174  -0.0060  -0.0189  -0.0252  -0.0277
NC_obs       0.0022  -0.0115  -0.0189  -0.0222  -0.0232
NI_obs       0.5129   0.2437   0.0864  -0.0024  -0.0506
util_obs     0.3142   0.1418   0.0461  -0.0079  -0.0370
D_obs        0.0548   0.0109  -0.0138  -0.0267  -0.0329
log_Y        0.9989   0.9971   0.9952   0.9931   0.9911
log_Y_N      0.9997   0.9993   0.9988   0.9983   0.9979
log_SR       0.9997   0.9993   0.9988   0.9982   0.9977
log_I        0.9914   0.9737   0.9517   0.9282   0.9047
log_p_I      0.9983   0.9970   0.9957   0.9943   0.9930
log_C        0.9995   0.9990   0.9985   0.9981   0.9976
log_N        0.9994   0.9984   0.9974   0.9963   0.9953
log_NC       0.9997   0.9994   0.9991   0.9988   0.9985
log_NI       0.9950   0.9850   0.9725   0.9591   0.9458
log_util     0.9981   0.9950   0.9913   0.9875   0.9837
log_D        0.9965   0.9926   0.9887   0.9848   0.9812
Total computing time : 0h01m08s
Note: warning(s) encountered in MATLAB/Octave code
