Starting Dynare (version 5.4).
Calling Dynare with arguments: none
Starting preprocessing of the model file ...
Found 63 equation(s).
Evaluating expressions...done
Computing static model derivatives (order 1).
Computing dynamic model derivatives (order 1).
Processing outputs ...
done
Preprocessing completed.





Residuals of the static equations:

Equation number 1 : 0 : Labor composite
Equation number 2 : 0 : Labor leisure:C
Equation number 3 : 0 : Labor leisure:I
Equation number 4 : 0 : Shopping:C
Equation number 5 : 0 : Shopping:I
Equation number 6 : 0 : Composite utility term
Equation number 7 : 0 : Law of motion of wealth effects variable
Equation number 8 : 0 : Investment adjustment cost function
Equation number 9 : 0 : Investment adjustment cost function: derivative
Equation number 10 : 0 : Investment growth
Equation number 11 : 0 : Tobins Q
Equation number 12 : 0 : Euler equation: C
Equation number 13 : 0 : Euler equation: I
Equation number 14 : 0 : Utilization: C
Equation number 15 : 0 : Utilization: I
Equation number 16 : 0 : Depreciation rate: C
Equation number 17 : 0 : Depreciation rate: I
Equation number 18 : 0 : Depreciation rate derivative: C
Equation number 19 : 0 : Depreciation rate derivative: I
Equation number 20 : 0 : Consumption production
Equation number 21 : 0 : Investment production
Equation number 22 : 0 : Capital law of motion
Equation number 23 : 0 : Labor demand:C
Equation number 24 : 0 : Labor demand:I
Equation number 25 : 0 : Capital demand:C
Equation number 26 : 0 : Capital demand:I
Equation number 27 : 0 : Labor composition
Equation number 28 : 0 : Capital composition
Equation number 29 : 0 : Shopping composition
Equation number 30 : 0 : Output (base-year prices)
Equation number 31 : 0 : Capacity utilization
Equation number 32 : 0 : stochastic trend process
Equation number 33 : 0 : Stationary TFP process
Equation number 34 : 0 : Independent component of I-specific tech
Equation number 35 : 0 : Investment-specific TFP process
Equation number 36 : 0 : Labor supply process
Equation number 37 : 0 : Shopping effort process
Equation number 38 : 0 : Relative shopping effort process
Equation number 39 : 0 : Consumption preference process
Equation number 40 : 0 : Definition log output
Equation number 41 : 0 : Definition log consumption
Equation number 42 : 0 : Definition log investment
Equation number 43 : 0 : Definition log hours
Equation number 44 : 0 : log_NC
Equation number 45 : 0 : log_NI
Equation number 46 : 0 : log capital
Equation number 47 : 0 : Definition log labor productivity
Equation number 48 : 0 : Definition log shopping effort
Equation number 49 : 0 : Definition of log relative investment  price
Equation number 50 : 0 : Definition of log capacity utilization
Equation number 51 : 0 : Definition of log Solow residual
Equation number 52 : 0 : C_obs
Equation number 53 : 0 : I_obs
Equation number 54 : 0 : Y_obs
Equation number 55 : 0 : Y_N_obs
Equation number 56 : 0 : K_obs
Equation number 57 : 0 : SR_obs
Equation number 58 : 0 : p_I_obs
Equation number 59 : 0 : N_obs
Equation number 60 : 0 : NC_obs
Equation number 61 : 0 : NI_obs
Equation number 62 : 0 : util_obs
Equation number 63 : 0 : D_obs



STEADY-STATE RESULTS:

Y          		 1
C          		 0.8
I          		 0.2
K          		 11.0496
K_C        		 8.83969
K_I        		 2.20992
N          		 0.3
N_C        		 0.24
N_I        		 0.06
N_comp     		 0.3
Z_C        		 0
u_ZI       		 0
Z_I        		 0
theta_N    		 0
theta_D    		 0
theta_I    		 0
theta_C    		 0
R_C        		 0.0348329
R_I        		 0.0348329
W_C        		 2.23333
W_I        		 2.23333
h_C        		 1
h_I        		 1
delta_C    		 0.0136717
delta_I    		 0.0136717
delta_C_pr 		 0.0235251
delta_I_pr 		 0.0235251
S          		 0
S_pr       		 0
D          		 0.82902
D_C        		 0.663216
D_I        		 0.165804
Gam        		 0.476477
zeta       		 0.665895
p_I        		 1
Q          		 1.48067
x          		 1.00451
log_SR     		 0
util       		 0.81
g          		 0.0045
log_Y      		 0
log_C      		 0
log_I      		 0
log_N      		 0
log_NC     		 0
log_NI     		 0
log_K      		 0
log_Y_N    		 0
log_D      		 0
log_p_I    		 0
log_util   		 0
C_obs      		 0
I_obs      		 0
Y_obs      		 0
Y_N_obs    		 0
p_I_obs    		 0
N_obs      		 0
NC_obs     		 0
NI_obs     		 0
util_obs   		 0
D_obs      		 0
K_obs      		 0
SR_obs     		 0

EIGENVALUES:
         Modulus             Real        Imaginary

               0                0                0
               0                0                0
               0                0                0
       1.325e-18       -1.325e-18                0
        2.97e-18        -2.97e-18                0
       7.518e-18       -7.518e-18                0
       2.069e-17        2.069e-17                0
       1.418e-16        1.418e-16                0
       2.425e-16        2.425e-16                0
       6.987e-09        6.987e-09                0
       6.987e-09       -6.987e-09                0
       1.193e-08       -1.193e-08                0
       1.193e-08        1.193e-08                0
         0.06244          0.06244                0
             0.1              0.1                0
          0.4427           0.4427                0
          0.5734           0.5734                0
             0.9              0.9                0
             0.9              0.9                0
             0.9              0.9                0
             0.9              0.9                0
             0.9              0.9                0
             0.9              0.9                0
          0.9912           0.9912                0
           1.013            1.013                0
           1.827            1.827                0
         9.5e+15          9.5e+15                0
       1.904e+16        1.904e+16                0
       3.182e+16       -3.182e+16                0
       3.941e+16        3.941e+16                0
       2.417e+17        2.417e+17                0
       4.944e+17        4.944e+17                0
       4.994e+17       -4.994e+17                0
        7.55e+17        -7.55e+17                0
       1.019e+19       -1.019e+19                0
       4.458e+19        4.458e+19                0


There are 12 eigenvalue(s) larger than 1 in modulus 
for 12 forward-looking variable(s)

The rank condition is verified.


Initial value of the log posterior (or likelihood): 3112.2448
-----------------
f at the beginning of new iteration,     -3112.2448178956
Predicted improvement:        0.015566514
lambda =          1; f =        -3043.3698768
lambda =    0.33333; f =        -3107.1787469
lambda =    0.11111; f =        -3111.7428621
lambda =   0.037037; f =        -3112.1910231
lambda =   0.012346; f =        -3112.2389084
lambda =  0.0041152; f =        -3112.2441629
lambda =  0.0013717; f =        -3112.2447449
lambda = 0.00045725; f =        -3112.2448097
lambda = 0.00015242; f =        -3112.2448169
lambda = 5.0805e-05; f =        -3112.2448178
lambda = 1.6935e-05; f =        -3112.2448179
lambda =  5.645e-06; f =        -3112.2448179
lambda = 1.8817e-06; f =        -3112.2448179
lambda = 6.2723e-07; f =        -3112.2448179
lambda = 2.0908e-07; f =        -3112.2448179
lambda = 6.9692e-08; f =        -3112.2448179
lambda = 2.3231e-08; f =        -3112.2448179
lambda = 7.7435e-09; f =        -3112.2448179
lambda = 2.5812e-09; f =        -3112.2448179
lambda = 4.9899e-09; f =        -3112.2448179
lambda = 9.6463e-09; f =        -3112.2448179
lambda = 6.4953e-09; f =        -3112.2448179
lambda = 5.1232e-09; f =        -3112.2448179
lambda = 5.0295e-09; f =        -3112.2448179
Norm of dx  0.0017645
Cliff.  Perturbing search direction.
Predicted improvement:        0.025943386
lambda =          1; f =        -2623.0703198
lambda =    0.33333; f =        -3095.1745688
lambda =    0.11111; f =        -3110.7381870
lambda =   0.037037; f =        -3112.0884887
lambda =   0.012346; f =        -3112.2278192
lambda =  0.0041152; f =        -3112.2429401
lambda =  0.0013717; f =        -3112.2446088
lambda = 0.00045725; f =        -3112.2447944
lambda = 0.00015242; f =        -3112.2448152
lambda = 5.0805e-05; f =        -3112.2448176
lambda = 1.6935e-05; f =        -3112.2448178
lambda =  5.645e-06; f =        -3112.2448179
lambda = 1.8817e-06; f =        -3112.2448179
lambda = 6.2723e-07; f =        -3112.2448179
lambda = 2.0908e-07; f =        -3112.2448179
lambda = 6.9692e-08; f =        -3112.2448179
lambda = 2.3231e-08; f =        -3112.2448179
lambda = 4.4909e-08; f =        -3112.2448179
lambda = 3.0239e-08; f =        -3112.2448179
lambda = 2.3851e-08; f =        -3112.2448179
lambda = 2.3415e-08; f =        -3112.2448179
Norm of dx  0.0029931
Cliff again.  Try traversing
Predicted improvement:        4.663269172
lambda =          1; f =        -3103.0206742
lambda =    0.33333; f =        -3111.2274772
lambda =    0.11111; f =        -3112.1342722
lambda =   0.037037; f =        -3112.2333373
lambda =   0.012346; f =        -3112.2437832
lambda =  0.0041152; f =        -3112.2447640
lambda =  0.0013717; f =        -3112.2448179
lambda = 0.00045725; f =        -3072.7637407
lambda = 0.00015242; f =        -3109.1657354
lambda = 5.0805e-05; f =        -3111.9350438
lambda = 1.6935e-05; f =        -3112.2114548
lambda =  5.645e-06; f =        -3112.2411449
lambda = 1.8817e-06; f =        -3112.2444098
lambda = 6.2723e-07; f =        -3112.2447721
lambda = 2.0908e-07; f =        -3112.2448127
lambda = 6.9692e-08; f =        -3112.2448173
lambda = 2.3231e-08; f =        -3112.2448178
lambda = 7.7435e-09; f =        -3112.2448179
lambda = 2.5812e-09; f =        -3112.2448179
lambda =
  -6.2723e-07
lambda = -6.2723e-07; f =        -3112.2447736
lambda = -2.0908e-07; f =        -3112.2448131
lambda = -6.9692e-08; f =        -3112.2448174
lambda = -2.3231e-08; f =        -3112.2448179
lambda = -7.7435e-09; f =        -3112.2448179
Norm of dx     3.0539
----
Improvement on iteration 1 =        0.000000001
improvement < crit termination

Final value of minus the log posterior (or likelihood):-3112.244818 

MODE CHECK

Fval obtained by the minimization routine (minus the posterior/likelihood)): -3112.244818

RESULTS FROM POSTERIOR ESTIMATION
parameters
        prior mean     mode    s.d.  prior pstdev

gam         1.5000   1.9110  0.1701   beta 0.2500 
ha          0.5000   0.4431  0.4700   beta 0.2000 
nu          0.7200   1.2124  2.6086   gamm 0.2500 
sigma_s     0.5000   0.9854  0.0244   beta 0.2000 
m           0.2860   0.4154  0.3830   gamm 0.2000 
sigma_a     1.0000   0.3431  0.4301   invg 1.0000 
Psi_K       4.0000   1.1640  2.5984   gamm 1.0000 
eta         0.2000   0.2738  0.5590   gamm 0.1500 
theta       1.0000   0.1448  0.3679   gamm 0.5000 
rho_g       0.1000   0.1690  0.3059   beta 0.0500 
rho_Z       0.6000   0.9961  0.0028   beta 0.2000 
rho_ZI      0.6000   0.7933  0.1074   beta 0.2000 
rho_N       0.6000   0.9935  0.0335   beta 0.2000 
rho_D       0.6000   0.9885  0.0180   beta 0.2000 
rho_DI      0.6000   0.8012  0.1023   beta 0.2000 
rho_C       0.6000   0.9942  0.0222   beta 0.2000 

standard deviation of shocks
        prior mean     mode    s.d.  prior pstdev

e_g         0.0100   0.0041  0.0017   invg 0.1000 
e_Z         0.0100   0.0023  0.0023   invg 0.1000 
e_ZI        0.0100   0.0031  0.0005   invg 0.1000 
e_N         0.0100   0.0175  0.0199   invg 0.1000 
e_D         0.0100   0.0047  0.0020   invg 0.1000 
e_DI        0.0100   0.0042  0.0013   invg 0.1000 
e_C         0.0100   0.0462  0.0597   invg 0.1000 


Log data density [Laplace approximation] is 3023.945031.

Estimation::mcmc: Multiple chains mode.
Estimation::mcmc: Old metropolis.log file successfully erased!
Estimation::mcmc: Creation of a new metropolis.log file.
Estimation::mcmc: Searching for initial values...
Estimation::mcmc: Initial values found!

Estimation::mcmc: Write details about the MCMC... Ok!
Estimation::mcmc: Details about the MCMC are available in BRS_gen/metropolis\BRS_gen_mh_history_0.mat


Estimation::mcmc: Number of mh files: 1 per block.
Estimation::mcmc: Total number of generated files: 2.
Estimation::mcmc: Total number of iterations: 150000.
Estimation::mcmc: Current acceptance ratio per chain: 
                                                       Chain  1: 31.8467%
                                                       Chain  2: 32.6647%
Estimation::mcmc: Total number of MH draws per chain: 150000.
Estimation::mcmc: Total number of generated MH files: 1.
Estimation::mcmc: I'll use mh-files 1 to 1.
Estimation::mcmc: In MH-file number 1 I'll start at line 45001.
Estimation::mcmc: Finally I keep 105000 draws per chain.



MCMC Inefficiency factors per block
Parameter       Block 1     Block 2
SE_e_g          564.141     508.140
SE_e_Z          559.203     487.632
SE_e_ZI         535.250     480.619
SE_e_N          493.152     550.684
SE_e_D          738.912     648.286
SE_e_DI         508.254     455.124
SE_e_C          499.371     548.007
gam             495.434     519.228
ha              398.958     398.326
nu              520.419     525.651
sigma_s         545.809     560.751
m               537.385     558.869
sigma_a         515.073     529.775
Psi_K           604.353     512.372
eta             450.581     550.373
theta           611.357     622.014
rho_g           531.991     471.138
rho_Z           615.775     641.433
rho_ZI          521.760     556.543
rho_N           592.352     622.778
rho_D           651.292     702.538
rho_DI          703.003     617.804
rho_C           455.482     487.870

Estimation::mcmc::diagnostics: Univariate convergence diagnostic, Brooks and Gelman (1998):
    Parameter 1...  Done! 
    Parameter 2...  Done! 
    Parameter 3...  Done! 
    Parameter 4...  Done! 
    Parameter 5...  Done! 
    Parameter 6...  Done! 
    Parameter 7...  Done! 
    Parameter 8...  Done! 
    Parameter 9...  Done! 
    Parameter 10...  Done! 
    Parameter 11...  Done! 
    Parameter 12...  Done! 
    Parameter 13...  Done! 
    Parameter 14...  Done! 
    Parameter 15...  Done! 
    Parameter 16...  Done! 
    Parameter 17...  Done! 
    Parameter 18...  Done! 
    Parameter 19...  Done! 
    Parameter 20...  Done! 
    Parameter 21...  Done! 
    Parameter 22...  Done! 
    Parameter 23...  Done! 

Estimation::marginal density: I'm computing the posterior mean and covariance...  Done!
Estimation::marginal density: I'm computing the posterior log marginal density (modified harmonic mean)... Done!


ESTIMATION RESULTS

Log data density is 3022.462826.

parameters
          prior mean   post. mean        90% HPD interval    prior       pstdev

gam            1.500       1.8852      1.6737      2.1065     beta       0.2500
ha             0.500       0.4505      0.3916      0.5028     beta       0.2000
nu             0.720       1.2558      0.7382      1.7385     gamm       0.2500
sigma_s        0.500       0.9776      0.9596      0.9977     beta       0.2000
m              0.286       0.4291      0.3285      0.5259     gamm       0.2000
sigma_a        1.000       0.3633      0.2478      0.4759     invg       1.0000
Psi_K          4.000       1.3331      0.7496      1.8654     gamm       1.0000
eta            0.200       0.2853      0.1942      0.3782     gamm       0.1500
theta          1.000       0.2030      0.0310      0.3704     gamm       0.5000
rho_g          0.100       0.1701      0.0621      0.2756     beta       0.0500
rho_Z          0.600       0.9956      0.9936      0.9976     beta       0.2000
rho_ZI         0.600       0.8005      0.7529      0.8499     beta       0.2000
rho_N          0.600       0.9918      0.9843      0.9997     beta       0.2000
rho_D          0.600       0.9849      0.9726      0.9943     beta       0.2000
rho_DI         0.600       0.7914      0.6859      0.8860     beta       0.2000
rho_C          0.600       0.9929      0.9904      0.9954     beta       0.2000

standard deviation of shocks
          prior mean   post. mean        90% HPD interval    prior       pstdev

e_g            0.010       0.0041      0.0036      0.0046     invg       0.1000
e_Z            0.010       0.0024      0.0020      0.0029     invg       0.1000
e_ZI           0.010       0.0031      0.0025      0.0037     invg       0.1000
e_N            0.010       0.0178      0.0142      0.0213     invg       0.1000
e_D            0.010       0.0107      0.0022      0.0242     invg       0.1000
e_DI           0.010       0.0044      0.0026      0.0061     invg       0.1000
e_C            0.010       0.0462      0.0324      0.0605     invg       0.1000

MODEL SUMMARY

  Number of variables:         63
  Number of stochastic shocks: 7
  Number of state variables:   24
  Number of jumpers:           12
  Number of static variables:  29


MATRIX OF COVARIANCE OF EXOGENOUS SHOCKS
Variables         e_g       e_Z      e_ZI       e_N       e_D      e_DI       e_C
e_g          0.000017  0.000000  0.000000  0.000000  0.000000  0.000000  0.000000
e_Z          0.000000  0.000006  0.000000  0.000000  0.000000  0.000000  0.000000
e_ZI         0.000000  0.000000  0.000009  0.000000  0.000000  0.000000  0.000000
e_N          0.000000  0.000000  0.000000  0.000317  0.000000  0.000000  0.000000
e_D          0.000000  0.000000  0.000000  0.000000  0.000114  0.000000  0.000000
e_DI         0.000000  0.000000  0.000000  0.000000  0.000000  0.000019  0.000000
e_C          0.000000  0.000000  0.000000  0.000000  0.000000  0.000000  0.002134



THEORETICAL MOMENTS
VARIABLE         MEAN  STD. DEV.   VARIANCE
Y_obs          0.0000     0.0081     0.0001
Y_N_obs        0.0000     0.0094     0.0001
SR_obs         0.0000     0.0078     0.0001
I_obs          0.0000     0.0210     0.0004
p_I_obs        0.0000     0.0057     0.0000
C_obs          0.0000     0.0058     0.0000
NC_obs         0.0000     0.0088     0.0001
NI_obs         0.0000     0.0168     0.0003
util_obs       0.0000     0.0051     0.0000
D_obs          0.0000     0.0117     0.0001
log_Y          0.0000     0.1460     0.0213
log_Y_N        0.0000     0.1458     0.0213
log_SR         0.0000     0.0797     0.0064
log_I          0.0000     0.2962     0.0878
log_p_I        0.0000     0.1127     0.0127
log_C          0.0000     0.1173     0.0138
log_N          0.0000     0.0799     0.0064
log_NC         0.0000     0.0745     0.0056
log_NI         0.0000     0.1452     0.0211
log_util       0.0000     0.0513     0.0026
log_D          0.0000     0.1083     0.0117



VARIANCE DECOMPOSITION (in percent)
               e_g     e_Z    e_ZI     e_N     e_D    e_DI     e_C
Y_obs        19.72   20.70    1.02   14.65    1.97    0.39   41.56
Y_N_obs      14.34   22.40    0.72   46.95    1.58    0.25   13.77
SR_obs       21.16   28.47    1.06   19.69    2.22    0.39   27.01
I_obs         2.43   15.53    3.73    9.85    1.45    1.40   65.61
p_I_obs       0.07   39.56   39.26    0.49    0.08   15.76    4.79
C_obs        43.73   22.90    0.01   15.26    1.90    0.00   16.20
NC_obs        0.10    4.30    0.01   94.76    0.26    0.00    0.57
NI_obs        0.97    1.25    0.88   51.74    0.43    0.29   44.44
util_obs      0.96    6.80    0.48    4.66    5.00    0.94   81.17
D_obs         0.01    0.40    0.01    0.36    5.00    0.00   94.23
log_Y         0.03   58.66    0.03    7.44    0.53    0.01   33.30
log_Y_N       0.14   64.96    0.02    6.64    0.46    0.01   27.78
log_SR        1.17   58.06    0.06   12.17    0.90    0.02   27.63
log_I         0.20   62.09    0.13    3.47    0.34    0.05   33.73
log_p_I       0.00   99.63    0.25    0.00    0.00    0.10    0.03
log_C         0.29   52.47    0.00    9.99    0.62    0.00   36.62
log_N         0.15    2.12    0.01   92.39    0.03    0.00    5.31
log_NC        0.00    0.82    0.00   98.93    0.01    0.00    0.24
log_NI        1.08   13.18    0.06   37.34    0.25    0.03   48.07
log_util      1.77   24.99    0.04    2.26    2.60    0.06   68.29
log_D         0.00    3.36    0.00    0.67    2.19    0.00   93.78

CONDITIONAL VARIANCE DECOMPOSITION (in percent)
Period 1:
               e_g     e_Z    e_ZI     e_N     e_D    e_DI     e_C
Y_obs        23.75   15.97    1.00   15.19    2.03    0.39   41.67
Y_N_obs      14.96   21.20    0.71   49.46    1.62    0.25   11.80
SR_obs       23.40   26.67    1.07   21.16    2.35    0.39   24.96
I_obs         1.83    7.04    4.08   11.83    1.73    1.53   71.98
p_I_obs       0.06    0.18   66.76    0.57    0.09   26.71    5.64
C_obs        49.96   20.35    0.00   13.61    1.70    0.00   14.38
NC_obs        0.08    3.67    0.00   95.53    0.21    0.00    0.51
NI_obs        0.32    0.03    0.03   57.09    0.38    0.00   42.15
util_obs      1.15    0.89    0.00    0.58    6.13    1.09   90.16
D_obs         0.01    0.31    0.00    0.30    4.99    0.00   94.39
log_Y         0.90   20.76    1.30   19.73    2.64    0.50   54.15
log_Y_N       0.56   24.79    0.83   57.84    1.90    0.29   13.80
log_SR        0.94   34.50    1.38   27.36    3.04    0.50   32.28
log_I         0.92    7.10    4.12   11.94    1.74    1.54   72.64
log_p_I       0.06    0.18   66.76    0.57    0.09   26.71    5.64
log_C         0.73   40.38    0.00   27.00    3.37    0.00   28.52
log_N         0.00    1.85    0.00   95.39    0.02    0.00    2.74
log_NC        0.08    3.67    0.00   95.53    0.21    0.00    0.51
log_NI        0.32    0.03    0.03   57.09    0.38    0.00   42.15
log_util      1.15    0.89    0.00    0.58    6.13    1.09   90.16
log_D         0.01    0.31    0.00    0.30    4.99    0.00   94.39
Period 4:
               e_g     e_Z    e_ZI     e_N     e_D    e_DI     e_C
Y_obs        20.17   19.49    0.93   14.87    1.98    0.36   42.20
Y_N_obs      14.47   21.99    0.68   47.22    1.58    0.24   13.82
SR_obs       21.65   27.87    0.99   20.13    2.23    0.36   26.77
I_obs         2.54   12.03    3.53   10.34    1.52    1.32   68.72
p_I_obs       0.07   33.72   42.95    0.55    0.09   17.25    5.37
C_obs        44.02   22.81    0.01   15.23    1.88    0.00   16.04
NC_obs        0.10    4.32    0.01   94.75    0.26    0.00    0.57
NI_obs        0.96    0.37    0.81   52.61    0.43    0.26   44.57
util_obs      0.97    5.85    0.42    4.73    5.08    0.87   82.08
D_obs         0.01    0.38    0.01    0.35    4.98    0.00   94.26
log_Y         0.31   26.59    0.90   17.60    2.33    0.34   51.93
log_Y_N       0.62   34.45    0.63   38.05    2.08    0.22   23.95
log_SR        1.01   43.01    0.91   10.84    2.87    0.33   41.03
log_I         0.15   14.42    2.72    9.38    1.39    0.99   70.94
log_p_I       0.01   54.38   31.59    0.13    0.02   12.49    1.38
log_C         1.11   40.32    0.01   26.83    3.29    0.01   28.43
log_N         0.05    0.56    0.04   93.65    0.03    0.02    5.65
log_NC        0.04    1.44    0.00   97.99    0.07    0.00    0.46
log_NI        0.23    0.35    0.40   44.12    0.52    0.19   54.18
log_util      0.96    6.36    0.25    1.68    4.74    0.61   85.39
log_D         0.01    0.64    0.01    0.56    4.81    0.00   93.97
Period 8:
               e_g     e_Z    e_ZI     e_N     e_D    e_DI     e_C
Y_obs        19.90   20.44    1.00   14.66    1.96    0.38   41.66
Y_N_obs      14.40   22.30    0.71   47.01    1.57    0.25   13.77
SR_obs       21.47   28.30    1.06   19.97    2.22    0.38   26.59
I_obs         2.48   14.77    3.71    9.98    1.47    1.39   66.19
p_I_obs       0.07   38.52   39.91    0.50    0.08   16.03    4.89
C_obs        43.91   22.87    0.01   15.22    1.88    0.00   16.11
NC_obs        0.10    4.32    0.01   94.74    0.26    0.00    0.57
NI_obs        0.98    0.96    0.87   52.23    0.43    0.28   44.24
util_obs      0.97    6.46    0.46    4.70    5.04    0.94   81.42
D_obs         0.01    0.39    0.01    0.35    4.98    0.00   94.25
log_Y         0.16   33.24    0.51   15.51    2.01    0.19   48.38
log_Y_N       0.51   41.45    0.38   30.27    1.92    0.13   25.33
log_SR        1.11   50.45    0.49    7.41    2.47    0.17   37.90
log_I         0.18   25.18    1.48    7.48    1.09    0.53   64.05
log_p_I       0.00   85.48   10.07    0.04    0.01    3.94    0.46
log_C         1.10   40.54    0.02   25.96    3.11    0.01   29.28
log_N         0.09    0.33    0.04   92.49    0.04    0.02    6.99
log_NC        0.02    0.87    0.00   98.75    0.04    0.00    0.32
log_NI        0.47    1.76    0.32   39.65    0.48    0.15   57.17
log_util      1.05   10.49    0.18    1.97    4.23    0.34   81.73
log_D         0.01    0.93    0.01    0.64    4.62    0.00   93.80
Period 40:
               e_g     e_Z    e_ZI     e_N     e_D    e_DI     e_C
Y_obs        19.82   20.60    1.02   14.65    1.96    0.39   41.56
Y_N_obs      14.37   22.34    0.72   47.00    1.58    0.25   13.74
SR_obs       21.31   28.31    1.07   19.82    2.23    0.39   26.87
I_obs         2.45   15.29    3.77    9.89    1.46    1.41   65.73
p_I_obs       0.07   39.22   39.47    0.50    0.08   15.85    4.81
C_obs        43.87   22.87    0.01   15.23    1.89    0.00   16.13
NC_obs        0.10    4.31    0.01   94.75    0.26    0.00    0.57
NI_obs        0.98    1.15    0.89   51.93    0.43    0.29   44.34
util_obs      0.96    6.60    0.48    4.68    5.03    0.95   81.30
D_obs         0.01    0.40    0.01    0.36    4.99    0.00   94.23
log_Y         0.06   46.96    0.09   11.51    1.25    0.03   40.10
log_Y_N       0.33   54.23    0.07   18.31    1.26    0.02   25.77
log_SR        1.13   65.81    0.11    6.37    1.58    0.04   24.96
log_I         0.19   48.39    0.27    4.75    0.59    0.10   45.70
log_p_I       0.00   98.54    0.99    0.01    0.00    0.39    0.08
log_C         0.82   42.98    0.01   21.19    2.13    0.00   32.87
log_N         0.13    0.46    0.01   92.64    0.04    0.00    6.72
log_NC        0.00    0.55    0.00   99.23    0.01    0.00    0.21
log_NI        0.79    7.19    0.09   37.29    0.33    0.04   54.26
log_util      1.32   19.65    0.05    1.66    3.42    0.09   73.81
log_D         0.00    1.75    0.00    0.69    3.68    0.00   93.88



MATRIX OF CORRELATIONS
Variables       Y_obs   Y_N_obs    SR_obs     I_obs   p_I_obs     C_obs    NC_obs    NI_obs  util_obs     D_obs     log_Y   log_Y_N    log_SR     log_I   log_p_I     log_C     log_N    log_NC    log_NI  log_util     log_D
Y_obs          1.0000    0.4128    0.6709    0.9114   -0.1654    0.9282    0.2656    0.7115    0.7676    0.6447    0.0200   -0.0102    0.1027    0.0606    0.0116   -0.0072    0.0551    0.0175    0.1157    0.1280    0.0669
Y_N_obs        0.4128    1.0000    0.9450    0.3404   -0.1637    0.4155   -0.7504   -0.2276    0.5311    0.3451    0.0182    0.0253    0.0978    0.0390    0.0072    0.0037   -0.0130   -0.0386    0.0435    0.1042    0.0512
SR_obs         0.6709    0.9450    1.0000    0.5865   -0.1827    0.6452   -0.5168    0.0626    0.6955    0.5043   -0.0359   -0.0184    0.0350   -0.0325    0.0426   -0.0353   -0.0321   -0.0348   -0.0168    0.0220    0.0000
I_obs          0.9114    0.3404    0.5865    1.0000   -0.2387    0.6927    0.2134    0.8087    0.8817    0.7848   -0.0033   -0.0199    0.0924    0.0337    0.0138   -0.0264    0.0303    0.0019    0.0794    0.0960    0.0443
p_I_obs       -0.1654   -0.1637   -0.1827   -0.2387    1.0000   -0.0740   -0.0139    0.0863   -0.0919    0.1541   -0.0219   -0.0196   -0.0988   -0.0361    0.0255   -0.0113   -0.0041    0.0079   -0.0276   -0.0740   -0.0041
C_obs          0.9282    0.4155    0.6452    0.6927   -0.0740    1.0000    0.2725    0.5155    0.5478    0.4200    0.0380    0.0001    0.0964    0.0757    0.0078    0.0113    0.0692    0.0290    0.1308    0.1375    0.0772
NC_obs         0.2656   -0.7504   -0.5168    0.2134   -0.0139    0.2725    1.0000    0.6501   -0.1125   -0.0334    0.0066   -0.0270   -0.0218    0.0140   -0.0041    0.0015    0.0614    0.0588    0.0481   -0.0052   -0.0006
NI_obs         0.7115   -0.2276    0.0626    0.8087    0.0863    0.5155    0.6501    1.0000    0.6088    0.6660   -0.0164   -0.0391    0.0207    0.0084    0.0166   -0.0308    0.0414    0.0274    0.0577    0.0296    0.0202
util_obs       0.7676    0.5311    0.6955    0.8817   -0.0919    0.5478   -0.1125    0.6088    1.0000    0.8596   -0.0286   -0.0329    0.0451   -0.0059    0.0334   -0.0408    0.0078   -0.0070    0.0358    0.0496    0.0266
D_obs          0.6447    0.3451    0.5043    0.7848    0.1541    0.4200   -0.0334    0.6660    0.8596    1.0000    0.0013   -0.0083    0.0492    0.0265    0.0098   -0.0146    0.0177   -0.0033    0.0553    0.0608    0.0541
log_Y          0.0200    0.0182   -0.0359   -0.0033   -0.0219    0.0380    0.0066   -0.0164   -0.0286    0.0013    1.0000    0.8501    0.4203    0.9260   -0.7577    0.9712    0.2766    0.1752    0.4013    0.3805    0.7280
log_Y_N       -0.0102    0.0253   -0.0184   -0.0199   -0.0196    0.0001   -0.0270   -0.0391   -0.0329   -0.0083    0.8501    1.0000    0.5198    0.7798   -0.7925    0.8303   -0.2709   -0.3476   -0.0316    0.2183    0.6204
log_SR         0.1027    0.0978    0.0350    0.0924   -0.0988    0.0964   -0.0218    0.0207    0.0451    0.0492    0.4203    0.5198    1.0000    0.6956   -0.6393    0.2148   -0.1804   -0.3888    0.3019    0.7135    0.2044
log_I          0.0606    0.0390   -0.0325    0.0337   -0.0361    0.0757    0.0140    0.0084   -0.0059    0.0265    0.9260    0.7798    0.6956    1.0000   -0.7629    0.8094    0.2697    0.0856    0.5661    0.6582    0.6795
log_p_I        0.0116    0.0072    0.0426    0.0138    0.0255    0.0078   -0.0041    0.0166    0.0334    0.0098   -0.7577   -0.7925   -0.6393   -0.7629    1.0000   -0.6973    0.0612    0.0880   -0.0124   -0.1517   -0.1719
log_C         -0.0072    0.0037   -0.0353   -0.0264   -0.0113    0.0113    0.0015   -0.0308   -0.0408   -0.0146    0.9712    0.8303    0.2148    0.8094   -0.6973    1.0000    0.2601    0.2185    0.2670    0.1764    0.7036
log_N          0.0551   -0.0130   -0.0321    0.0303   -0.0041    0.0692    0.0614    0.0414    0.0078    0.0177    0.2766   -0.2709   -0.1804    0.2697    0.0612    0.2601    1.0000    0.9546    0.7913    0.2972    0.1986
log_NC         0.0175   -0.0386   -0.0348    0.0019    0.0079    0.0290    0.0588    0.0274   -0.0070   -0.0033    0.1752   -0.3476   -0.3888    0.0856    0.0880    0.2185    0.9546    1.0000    0.5732    0.0040    0.0172
log_NI         0.1157    0.0435   -0.0168    0.0794   -0.0276    0.1308    0.0481    0.0577    0.0358    0.0553    0.4013   -0.0316    0.3019    0.5661   -0.0124    0.2670    0.7913    0.5732    1.0000    0.8094    0.5110
log_util       0.1280    0.1042    0.0220    0.0960   -0.0740    0.1375   -0.0052    0.0296    0.0496    0.0608    0.3805    0.2183    0.7135    0.6582   -0.1517    0.1764    0.2972    0.0040    0.8094    1.0000    0.5549
log_D          0.0669    0.0512    0.0000    0.0443   -0.0041    0.0772   -0.0006    0.0202    0.0266    0.0541    0.7280    0.6204    0.2044    0.6795   -0.1719    0.7036    0.1986    0.0172    0.5110    0.5549    1.0000



COEFFICIENTS OF AUTOCORRELATION
Order             1        2        3        4        5
Y_obs        0.4290   0.2175   0.1221   0.0750   0.0497
Y_N_obs      0.1130   0.0574   0.0407   0.0309   0.0241
SR_obs       0.2322   0.1165   0.0737   0.0503   0.0356
I_obs        0.4878   0.2528   0.1418   0.0869   0.0575
p_I_obs      0.2062   0.1890   0.1499   0.1187   0.0936
C_obs        0.3205   0.1374   0.0694   0.0391   0.0244
NC_obs       0.0403   0.0173   0.0069   0.0014  -0.0015
NI_obs       0.2357   0.1125   0.0396   0.0101  -0.0013
util_obs     0.4410   0.1956   0.0934   0.0441   0.0199
D_obs        0.0376   0.0173   0.0061   0.0009  -0.0016
log_Y        0.9988   0.9963   0.9932   0.9898   0.9861
log_Y_N      0.9982   0.9961   0.9937   0.9912   0.9885
log_SR       0.9961   0.9904   0.9837   0.9764   0.9686
log_I        0.9975   0.9927   0.9867   0.9799   0.9728
log_p_I      0.9987   0.9969   0.9945   0.9918   0.9888
log_C        0.9993   0.9979   0.9962   0.9944   0.9924
log_N        0.9929   0.9847   0.9760   0.9672   0.9584
log_NC       0.9931   0.9856   0.9779   0.9701   0.9622
log_NI       0.9933   0.9835   0.9722   0.9604   0.9484
log_util     0.9951   0.9858   0.9747   0.9626   0.9501
log_D        0.9942   0.9879   0.9814   0.9748   0.9683
Total computing time : 0h25m28s
