Starting Dynare (version 5.4).
Calling Dynare with arguments: none
Starting preprocessing of the model file ...
Found 62 equation(s).
Evaluating expressions...done
Computing static model derivatives (order 1).
Computing dynamic model derivatives (order 1).
Processing outputs ...
done
Preprocessing completed.





Residuals of the static equations:

Equation number 1 : 0 : Labor composite
Equation number 2 : 0 : Composite utility term
Equation number 3 : 0 : Labor leisure:C
Equation number 4 : 0 : Labor leisure:I
Equation number 5 : 0 : Shopping:C
Equation number 6 : 0 : Shopping:I
Equation number 7 : 0 : Investment adjustment cost function
Equation number 8 : 0 : Investment adjustment cost function: derivative
Equation number 9 : 0 : Investment growth
Equation number 10 : 0 : Tobins Q
Equation number 11 : 0 : Euler equation: C
Equation number 12 : 0 : Euler equation: I
Equation number 13 : 0 : Utilization: C
Equation number 14 : 0 : Utilization: I
Equation number 15 : 0 : Depreciation rate: C
Equation number 16 : 0 : Depreciation rate: I
Equation number 17 : 0 : Depreciation rate derivative: C
Equation number 18 : 0 : Depreciation rate derivative: I
Equation number 19 : 0 : Consumption production
Equation number 20 : 0 : Investment production
Equation number 21 : 0 : Capital law of motion
Equation number 22 : 0 : Labor demand:C
Equation number 23 : 0 : Labor demand:I
Equation number 24 : 0 : Capital demand:C
Equation number 25 : 0 : Capital demand:I
Equation number 26 : 0 : Labor composition
Equation number 27 : 0 : Capital composition
Equation number 28 : 0 : Shopping composition
Equation number 29 : 0 : Output (base-year prices)
Equation number 30 : 0 : Capacity utilization
Equation number 31 : 0 : stochastic trend process
Equation number 32 : 0 : Stationary TFP process
Equation number 33 : 0 : Independent component of I-specific tech
Equation number 34 : 0 : Investment-specific TFP process
Equation number 35 : 0 : Labor supply process
Equation number 36 : 0 : Shopping effort process
Equation number 37 : 0 : Relative shopping effort process
Equation number 38 : 0 : Consumption preference process
Equation number 39 : 0 : Definition log output
Equation number 40 : 0 : Definition log consumption
Equation number 41 : 0 : Definition log investment
Equation number 42 : 0 : Definition log hours
Equation number 43 : 0 : log_NC
Equation number 44 : 0 : log_NI
Equation number 45 : 0 : log capital
Equation number 46 : 0 : Definition log labor productivity
Equation number 47 : 0 : Definition log shopping effort
Equation number 48 : 0 : Definition of log relative investment  price
Equation number 49 : 0 : Definition of log capacity utilization
Equation number 50 : 0 : Definition of log Solow residual
Equation number 51 : 0 : C_obs
Equation number 52 : 0 : I_obs
Equation number 53 : 0 : Y_obs
Equation number 54 : 0 : Y_N_obs
Equation number 55 : 0 : K_obs
Equation number 56 : 0 : SR_obs
Equation number 57 : 0 : p_I_obs
Equation number 58 : 0 : N_obs
Equation number 59 : 0 : NC_obs
Equation number 60 : 0 : NI_obs
Equation number 61 : 0 : util_obs
Equation number 62 : 0 : D_obs



STEADY-STATE RESULTS:

Y          		 1
C          		 0.8
I          		 0.2
K          		 11.0496
K_C        		 8.83969
K_I        		 2.20992
N          		 0.3
N_C        		 0.24
N_I        		 0.06
N_comp     		 0.3
Z_C        		 0
u_ZI       		 0
Z_I        		 0
theta_N    		 0
theta_D    		 0
theta_I    		 0
theta_C    		 0
R_C        		 0.0348329
R_I        		 0.0348329
W_C        		 2.23333
W_I        		 2.23333
h_C        		 1
h_I        		 1
delta_C    		 0.0136717
delta_I    		 0.0136717
delta_C_pr 		 0.0235251
delta_I_pr 		 0.0235251
S          		 0
S_pr       		 0
D          		 0.82902
D_C        		 0.663216
D_I        		 0.165804
Gam        		 0.665895
p_I        		 1
Q          		 1.48067
x          		 1.00451
log_SR     		 0
util       		 0.81
g          		 0.0045
log_Y      		 0
log_C      		 0
log_I      		 0
log_N      		 0
log_NC     		 0
log_NI     		 0
log_K      		 0
log_Y_N    		 0
log_D      		 0
log_p_I    		 0
log_util   		 0
C_obs      		 0
I_obs      		 0
Y_obs      		 0
Y_N_obs    		 0
p_I_obs    		 0
N_obs      		 0
NC_obs     		 0
NI_obs     		 0
util_obs   		 0
D_obs      		 0
K_obs      		 0
SR_obs     		 0

EIGENVALUES:
         Modulus             Real        Imaginary

               0                0                0
               0                0                0
               0                0                0
       2.376e-17        2.376e-17                0
       3.959e-17        3.959e-17                0
        4.62e-17         4.62e-17                0
       1.129e-16        1.129e-16                0
       2.122e-16        2.122e-16                0
       2.626e-16       -2.626e-16                0
       1.836e-08        1.689e-08         7.19e-09
       1.836e-08        1.689e-08        -7.19e-09
       1.836e-08       -1.689e-08         7.19e-09
       1.836e-08       -1.689e-08        -7.19e-09
         0.05915          0.05915                0
             0.1              0.1                0
          0.5945           0.5945                0
             0.9              0.9                0
             0.9              0.9                0
             0.9              0.9                0
             0.9              0.9                0
             0.9              0.9                0
             0.9              0.9                0
          0.9901           0.9901                0
           1.016            1.016                0
             1.7              1.7                0
       7.536e+14        7.536e+14                0
       1.077e+16       -1.077e+16                0
       2.763e+16        2.763e+16                0
       5.938e+16        5.938e+16                0
       8.129e+16       -8.129e+16                0
       1.256e+17        1.256e+17                0
       1.832e+17       -1.832e+17                0
       2.362e+17       -2.362e+17                0
       7.259e+18        7.259e+18                0
       9.129e+19        9.129e+19                0


There are 12 eigenvalue(s) larger than 1 in modulus 
for 12 forward-looking variable(s)

The rank condition is verified.


Initial value of the log posterior (or likelihood): -140749.2874
-----------------
f at the beginning of new iteration,    140749.2874292419
Predicted improvement: 70678710435.342498779
lambda =          1; f =       142053.6559548
lambda =    0.33333; f =       140878.9334919
lambda =    0.11111; f =       140759.1956159
lambda =   0.037037; f =       140749.4699880
lambda =   0.012346; f =       140749.2878081
lambda =  0.0041152; f =       140979.4539739
lambda =  0.0013717; f =       140772.9348944
lambda = 0.00045725; f =       140751.3457015
lambda = 0.00015242; f =       140749.3749548
lambda = 5.0805e-05; f =        -2624.1806334
lambda = 1.6935e-05; f =        -1596.8097265
lambda =  5.645e-06; f =         7478.3177837
lambda = 1.8817e-06; f =        37256.0788899
Norm of dx     3759.8
----
Improvement on iteration 1 =   143373.468062677
-----------------
f at the beginning of new iteration,     -2624.1806334352
Predicted improvement:    22639.179154572
lambda =          1; f =        -2621.8884030
lambda =    0.33333; f =        -2623.9472664
lambda =    0.11111; f =        -2624.1593744
lambda =   0.037037; f =        -2624.1793827
lambda =   0.012346; f =        -2624.1806212
lambda =  0.0041152; f =        -2749.1803370
Norm of dx     2.1279
----
Improvement on iteration 2 =      124.999703613
-----------------
f at the beginning of new iteration,     -2749.1803370485
Predicted improvement:    56348.701706297
lambda =          1; f =        -2712.9884279
lambda =    0.33333; f =        -2745.2386379
lambda =    0.11111; f =        -2748.7579846
lambda =   0.037037; f =        -2749.1381826
lambda =   0.012346; f =        -2749.1768770
lambda =  0.0041152; f =        -2749.1801607
lambda =  0.0013717; f =        -2749.1803370
lambda = 0.00045725; f =        -2797.6884575
lambda = 0.00088394; f =        -2819.7359336
lambda =  0.0017088; f =        -2749.1803336
lambda =  0.0011506; f =        -2776.6851458
lambda = 0.00090756; f =        -2819.3083096
Norm of dx     6.2731
----
Improvement on iteration 3 =       70.555596538
-----------------
f at the beginning of new iteration,     -2819.7359335862
Predicted improvement:    15810.689361218
lambda =          1; f =        -2814.1748989
lambda =    0.33333; f =        -2819.1372831
lambda =    0.11111; f =        -2819.6754982
lambda =   0.037037; f =        -2819.7309158
lambda =   0.012346; f =        -2819.7357329
lambda =  0.0041152; f =        -2872.1968401
Norm of dx     2.5002
----
Improvement on iteration 4 =       52.460906550
-----------------
f at the beginning of new iteration,     -2872.1968401364
Predicted improvement:    17793.829931104
lambda =          1; f =        -2863.6694591
lambda =    0.33333; f =        -2871.2637461
lambda =    0.11111; f =        -2872.0968769
lambda =   0.037037; f =        -2872.1867857
lambda =   0.012346; f =        -2872.1959407
lambda =  0.0041152; f =        -2872.1967924
lambda =  0.0013717; f =        -1421.3536060
lambda = 0.00045725; f =        -2852.4174262
lambda = 0.00015242; f =        -2874.5135752
Norm of dx     3.3296
----
Improvement on iteration 5 =        2.316735094
-----------------
f at the beginning of new iteration,     -2874.5135752300
Predicted improvement:      987.902695564
lambda =          1; f =        -2874.4171220
lambda =    0.33333; f =        -2874.5050224
lambda =    0.11111; f =        -2874.5131731
lambda =   0.037037; f =        -2040.2332927
lambda =   0.012346; f =        -2878.0663079
lambda =  0.0041152; f =        -2880.8837549
lambda =  0.0079555; f =        -2882.8132536
Norm of dx    0.39875
----
Improvement on iteration 6 =        8.299678361
-----------------
f at the beginning of new iteration,     -2882.8132535909
Predicted improvement:      844.864245096
lambda =          1; f =        -2882.7982063
lambda =    0.33333; f =        -2882.8132531
lambda =    0.11111; f =        -2882.8132479
lambda =   0.037037; f =        -2909.0319297
Norm of dx    0.38295
----
Improvement on iteration 7 =       26.218676137
-----------------
f at the beginning of new iteration,     -2909.0319297281
Predicted improvement:    14764.408589688
lambda =          1; f =        -2889.7625908
lambda =    0.33333; f =        -2907.1464499
lambda =    0.11111; f =        -2908.8880062
lambda =   0.037037; f =        -2909.0295249
lambda =   0.012346; f =        -2909.0318334
lambda =  0.0041152; f =        -2986.0595303
Norm of dx     6.6929
----
Improvement on iteration 8 =       77.027600620
-----------------
f at the beginning of new iteration,     -2986.0595303476
Predicted improvement:      392.524939725
lambda =          1; f =        -2986.0531841
lambda =    0.33333; f =        -2986.0586533
lambda =    0.11111; f =        -3016.7495005
Norm of dx    0.34184
----
Improvement on iteration 9 =       30.689970159
-----------------
f at the beginning of new iteration,     -3016.7495005062
Predicted improvement:       71.953609468
lambda =          1; f =        -3016.7490525
lambda =    0.33333; f =        -3016.7494896
lambda =    0.11111; f =        -3030.8080662
lambda =     0.2148; f =        -3016.7495005
lambda =    0.14463; f =        -3034.4178620
lambda =    0.18337; f =        -3038.2665439
lambda =    0.23248; f =        -3016.7495001
lambda =    0.20163; f =        -3039.9637543
lambda =    0.21961; f =        -3016.7495004
lambda =    0.20864; f =        -3040.5956100
lambda =    0.21515; f =        -3016.7495005
lambda =    0.21122; f =        -3016.7495005
lambda =    0.20889; f =        -3040.6185552
Norm of dx    0.12891
Cliff.  Perturbing search direction.
Predicted improvement:      125.798699044
lambda =          1; f =        -3016.7490261
lambda =    0.33333; f =        -3016.7494884
lambda =    0.11111; f =        -3040.1608598
lambda =     0.2148; f =        -3016.7495004
lambda =    0.14463; f =        -3046.1106696
lambda =    0.18337; f =        -3052.4340595
lambda =    0.23248; f =        -3016.7495000
lambda =    0.20163; f =        -3055.2078414
lambda =    0.21961; f =        -3016.7495004
lambda =    0.20864; f =        -3016.7495005
lambda =    0.20232; f =        -3055.3100562
lambda =    0.20608; f =        -3016.7495005
lambda =    0.20382; f =        -3055.5313711
Norm of dx    0.20265
Cliff again.  Try traversing
Predicted improvement:   414961.570239496
lambda =          1; f =       215181.8962760
lambda =    0.33333; f =        21017.5112994
lambda =    0.11111; f =         -414.1813232
lambda =   0.037037; f =        -2748.8613565
lambda =   0.012346; f =        -2993.1202434
lambda =  0.0041152; f =        -3015.2883166
lambda =  0.0013717; f =        -3016.6297894
lambda = 0.00045725; f =        -3016.7416395
lambda = 0.00015242; f =        -3016.7494162
lambda = 5.0805e-05; f =        -3051.7309999
lambda = 9.8216e-05; f =        -3000.5867530
lambda = 6.6133e-05; f =        -3051.0397014
Norm of dx        911
----
Improvement on iteration 10 =       38.781870625
back and forth on step length never finished
-----------------
f at the beginning of new iteration,     -3055.5313711316
Predicted improvement:       71.953609468
lambda =          1; f =        -3055.5306493
lambda =    0.33333; f =        -3055.5312925
lambda =    0.11111; f =        -3055.5313626
lambda =   0.037037; f =        -3055.5313703
lambda =   0.012346; f =        -3055.5313711
lambda =  0.0041152; f =        -3055.5313711
lambda =  0.0013717; f =        -3055.6420778
Norm of dx    0.12891
----
Improvement on iteration 11 =        0.110706670
-----------------
f at the beginning of new iteration,     -3055.6420778019
Predicted improvement:       59.047492859
lambda =          1; f =        -3055.6419815
lambda =    0.33333; f =        -3055.6420326
lambda =    0.11111; f =        -3055.6420777
lambda =   0.037037; f =        -3055.6420778
lambda =   0.012346; f =        -3055.6420778
lambda =  0.0041152; f =        -3056.1260830
lambda =  0.0079555; f =        -3055.6420778
lambda =  0.0053568; f =        -3056.2713316
lambda =  0.0067914; f =        -3055.6420778
lambda =  0.0058901; f =        -3056.3336208
lambda =  0.0064154; f =        -3056.3949016
lambda =  0.0069876; f =        -3055.6420778
lambda =  0.0066385; f =        -3055.6420778
lambda =  0.0064374; f =        -3056.3974619
lambda =  0.0065573; f =        -3055.6420778
lambda =  0.0064851; f =        -3056.4030219
Norm of dx    0.10893
Cliff.  Perturbing search direction.
Predicted improvement:      102.521814126
lambda =          1; f =        -3055.6411662
lambda =    0.33333; f =        -3055.6419292
lambda =    0.11111; f =        -3055.6420776
lambda =   0.037037; f =        -3055.6420778
lambda =   0.012346; f =        -3055.6420778
lambda =  0.0041152; f =        -3055.6420778
lambda =  0.0013717; f =        -3055.9220804
lambda =  0.0026518; f =        -3056.1810692
lambda =  0.0051265; f =        -3055.6420778
lambda =  0.0034519; f =        -3056.3417940
lambda =  0.0043764; f =        -3055.6420778
lambda =  0.0037956; f =        -3055.6420778
lambda =  0.0034848; f =        -3056.3483888
lambda =  0.0036681; f =        -3056.3850755
lambda =   0.003861; f =        -3055.6420778
lambda =   0.003744; f =        -3055.6420778
lambda =  0.0036756; f =        -3056.3865815
lambda =  0.0037165; f =        -3056.3947656
lambda =  0.0037579; f =        -3055.6420778
Norm of dx    0.13618
Cliff again.  Try traversing
Predicted improvement:      501.983908830
lambda =          1; f =        -2960.6062075
lambda =    0.33333; f =        -3048.2922242
lambda =    0.11111; f =        -3055.2409220
lambda =   0.037037; f =        -3055.6248803
lambda =   0.012346; f =        -3055.6420712
lambda =  0.0041152; f =        -3055.6410710
lambda =  0.0013717; f =        -3055.6420667
lambda = 0.00045725; f =        -3044.3157238
lambda = 0.00015242; f =        -3054.1569535
lambda = 5.0805e-05; f =        -3055.4801354
lambda = 1.6935e-05; f =        -3055.6287502
lambda =  5.645e-06; f =        -3055.6422977
lambda = 1.8817e-06; f =        -3055.6426747
Norm of dx     31.685
----
Improvement on iteration 12 =        0.760944089
back and forth on step length never finished
-----------------
f at the beginning of new iteration,     -3056.4030218913
Predicted improvement:       59.047492859
lambda =          1; f =        -3056.4029213
lambda =    0.33333; f =        -3056.4029720
lambda =    0.11111; f =        -3056.4030218
lambda =   0.037037; f =        -3056.4030219
lambda =   0.012346; f =        -3056.4030219
lambda =  0.0041152; f =        -3056.4030219
lambda =  0.0013717; f =        -3056.4030219
lambda = 0.00045725; f =        -3056.4030219
lambda = 0.00015242; f =        -3056.4030219
Norm of dx    0.10893
----
Improvement on iteration 13 =        0.000000000
improvement < crit termination

Final value of minus the log posterior (or likelihood):-3056.403022 

POSTERIOR KERNEL OPTIMIZATION PROBLEM!
 (minus) the hessian matrix at the "mode" is not positive definite!
=> posterior variance of the estimated parameters are not positive.
You should try to change the initial values of the parameters using
the estimated_params_init block, or use another optimization routine.
[Warning: The results below are most likely wrong!] 
[> In <a href="matlab:matlab.internal.language.introspective.errorDocCallback('dynare_estimation_1', 'C:\dynare\5.4\matlab\dynare_estimation_1.m', 318)" style="font-weight:bold">dynare_estimation_1</a> (<a href="matlab: opentoline('C:\dynare\5.4\matlab\dynare_estimation_1.m',318,0)">line 318</a>)
In <a href="matlab:matlab.internal.language.introspective.errorDocCallback('dynare_estimation', 'C:\dynare\5.4\matlab\dynare_estimation.m', 118)" style="font-weight:bold">dynare_estimation</a> (<a href="matlab: opentoline('C:\dynare\5.4\matlab\dynare_estimation.m',118,0)">line 118</a>)
In <a href="matlab:matlab.internal.language.introspective.errorDocCallback('BRS_growth_KPR_sectoral.driver', 'C:\Users\msilva913\Documents\GitHub\Shopping-effort-variable-capital-utilization-and-Solow-residual\Programs\Estimation BRS\+BRS_growth_KPR_sectoral\driver.m', 693)" style="font-weight:bold">BRS_growth_KPR_sectoral.driver</a> (<a href="matlab: opentoline('C:\Users\msilva913\Documents\GitHub\Shopping-effort-variable-capital-utilization-and-Solow-residual\Programs\Estimation BRS\+BRS_growth_KPR_sectoral\driver.m',693,0)">line 693</a>)
In <a href="matlab:matlab.internal.language.introspective.errorDocCallback('dynare', 'C:\dynare\5.4\matlab\dynare.m', 278)" style="font-weight:bold">dynare</a> (<a href="matlab: opentoline('C:\dynare\5.4\matlab\dynare.m',278,0)">line 278</a>)] 

MODE CHECK

Fval obtained by the minimization routine (minus the posterior/likelihood)): -3056.403022
[Warning: Matrix is singular, close to singular or badly scaled. Results may be inaccurate. RCOND = NaN.] 
[> In <a href="matlab:matlab.internal.language.introspective.errorDocCallback('dynare_estimation_1', 'C:\dynare\5.4\matlab\dynare_estimation_1.m', 341)" style="font-weight:bold">dynare_estimation_1</a> (<a href="matlab: opentoline('C:\dynare\5.4\matlab\dynare_estimation_1.m',341,0)">line 341</a>)
In <a href="matlab:matlab.internal.language.introspective.errorDocCallback('dynare_estimation', 'C:\dynare\5.4\matlab\dynare_estimation.m', 118)" style="font-weight:bold">dynare_estimation</a> (<a href="matlab: opentoline('C:\dynare\5.4\matlab\dynare_estimation.m',118,0)">line 118</a>)
In <a href="matlab:matlab.internal.language.introspective.errorDocCallback('BRS_growth_KPR_sectoral.driver', 'C:\Users\msilva913\Documents\GitHub\Shopping-effort-variable-capital-utilization-and-Solow-residual\Programs\Estimation BRS\+BRS_growth_KPR_sectoral\driver.m', 693)" style="font-weight:bold">BRS_growth_KPR_sectoral.driver</a> (<a href="matlab: opentoline('C:\Users\msilva913\Documents\GitHub\Shopping-effort-variable-capital-utilization-and-Solow-residual\Programs\Estimation BRS\+BRS_growth_KPR_sectoral\driver.m',693,0)">line 693</a>)
In <a href="matlab:matlab.internal.language.introspective.errorDocCallback('dynare', 'C:\dynare\5.4\matlab\dynare.m', 278)" style="font-weight:bold">dynare</a> (<a href="matlab: opentoline('C:\dynare\5.4\matlab\dynare.m',278,0)">line 278</a>)
] 

RESULTS FROM POSTERIOR ESTIMATION
parameters
        prior mean     mode    s.d.  prior pstdev

gam         1.5000   1.9784     NaN   beta 0.2500 
ha          0.5000   0.5745     NaN   beta 0.2000 
m           0.2860   0.3139     NaN   gamm 0.2000 
xi          3.2400   2.2238     NaN   gamm 0.5000 
sigma_a     1.0000   0.4095     NaN   invg 1.0000 
Psi_K       4.0000   0.9142     NaN   gamm 1.0000 
eta         0.2000   0.3930     NaN   gamm 0.1500 
theta       1.0000   0.0875     NaN   gamm 0.5000 
rho_g       0.1000   0.1448     NaN   beta 0.0500 
rho_Z       0.6000   0.9964     NaN   beta 0.2000 
rho_ZI      0.6000   0.8233     NaN   beta 0.2000 
rho_N       0.6000   0.9894     NaN   beta 0.2000 
rho_D       0.6000   0.5437     NaN   beta 0.2000 
rho_DI      0.6000   0.9843     NaN   beta 0.2000 
rho_C       0.6000   0.9944     NaN   beta 0.2000 

standard deviation of shocks
        prior mean     mode    s.d.  prior pstdev

e_g         0.0100   0.0012     NaN   invg 0.1000 
e_Z         0.0100   0.0047     NaN   invg 0.1000 
e_ZI        0.0100   0.0734     NaN   invg 0.1000 
e_N         0.0100   0.0152     NaN   invg 0.1000 
e_D         0.0100   0.0230     NaN   invg 0.1000 
e_DI        0.0100   0.2000     NaN   invg 0.1000 
e_C         0.0100   0.0329     NaN   invg 0.1000 


Log data density [Laplace approximation] is NaN.

Estimation::mcmc: Multiple chains mode.
Estimation::mcmc: Searching for initial values...
Estimation::mcmc: Initial values found!

Estimation::mcmc: Write details about the MCMC... Ok!
Estimation::mcmc: Details about the MCMC are available in BRS_growth_KPR_sectoral/metropolis\BRS_growth_KPR_sectoral_mh_history_0.mat


Estimation::mcmc: Number of mh files: 1 per block.
Estimation::mcmc: Total number of generated files: 2.
Estimation::mcmc: Total number of iterations: 150000.
Estimation::mcmc: Current acceptance ratio per chain: 
                                                       Chain  1: 29.238%
                                                       Chain  2: 28.616%
Estimation::mcmc: Total number of MH draws per chain: 150000.
Estimation::mcmc: Total number of generated MH files: 1.
Estimation::mcmc: I'll use mh-files 1 to 1.
Estimation::mcmc: In MH-file number 1 I'll start at line 45001.
Estimation::mcmc: Finally I keep 105000 draws per chain.



MCMC Inefficiency factors per block
Parameter       Block 1     Block 2
SE_e_g           70.130      69.707
SE_e_Z           94.934     178.158
SE_e_ZI         670.183     693.210
SE_e_N          221.076     213.589
SE_e_D          547.509     635.563
SE_e_DI         678.409     670.824
SE_e_C          431.862     490.129
gam             739.332     730.229
ha              735.027     738.043
m               721.112     740.904
xi              742.573     742.653
sigma_a         741.135     730.726
Psi_K           705.296     720.819
eta             716.283     730.226
theta           655.688     672.459
rho_g           746.320     736.518
rho_Z           704.452     722.903
rho_ZI          375.515     360.188
rho_N           469.737     548.421
rho_D           739.007     747.337
rho_DI          345.014     313.852
rho_C           675.720     696.341

Estimation::mcmc::diagnostics: Univariate convergence diagnostic, Brooks and Gelman (1998):
    Parameter 1...  Done! 
    Parameter 2...  Done! 
    Parameter 3...  Done! 
    Parameter 4...  Done! 
    Parameter 5...  Done! 
    Parameter 6...  Done! 
    Parameter 7...  Done! 
    Parameter 8...  Done! 
    Parameter 9...  Done! 
    Parameter 10...  Done! 
    Parameter 11...  Done! 
    Parameter 12...  Done! 
    Parameter 13...  Done! 
    Parameter 14...  Done! 
    Parameter 15...  Done! 
    Parameter 16...  Done! 
    Parameter 17...  Done! 
    Parameter 18...  Done! 
    Parameter 19...  Done! 
    Parameter 20...  Done! 
    Parameter 21...  Done! 
    Parameter 22...  Done! 

Estimation::marginal density: I'm computing the posterior mean and covariance...  Done!
Estimation::marginal density: I'm computing the posterior log marginal density (modified harmonic mean)... Done!


ESTIMATION RESULTS

Log data density is 3139.248798.

parameters
          prior mean   post. mean        90% HPD interval    prior       pstdev

gam            1.500       1.9997      1.9623      2.0437     beta       0.2500
ha             0.500       0.6067      0.5730      0.6557     beta       0.2000
m              0.286       0.2924      0.2623      0.3185     gamm       0.2000
xi             3.240       2.0886      1.9529      2.2412     gamm       0.5000
sigma_a        1.000       0.7308      0.5662      0.8976     invg       1.0000
Psi_K          4.000       0.3775      0.2732      0.4783     gamm       1.0000
eta            0.200       0.3908      0.3604      0.4178     gamm       0.1500
theta          1.000       0.0371      0.0101      0.0615     gamm       0.5000
rho_g          0.100       0.1410      0.1215      0.1557     beta       0.0500
rho_Z          0.600       0.8756      0.8584      0.8976     beta       0.2000
rho_ZI         0.600       0.9906      0.9881      0.9931     beta       0.2000
rho_N          0.600       0.9877      0.9823      0.9934     beta       0.2000
rho_D          0.600       0.5319      0.4479      0.6244     beta       0.2000
rho_DI         0.600       0.9952      0.9933      0.9971     beta       0.2000
rho_C          0.600       0.9610      0.9476      0.9732     beta       0.2000

standard deviation of shocks
          prior mean   post. mean        90% HPD interval    prior       pstdev

e_g            0.010       0.0035      0.0032      0.0039     invg       0.1000
e_Z            0.010       0.0020      0.0017      0.0022     invg       0.1000
e_ZI           0.010       0.0751      0.0694      0.0806     invg       0.1000
e_N            0.010       0.0137      0.0124      0.0149     invg       0.1000
e_D            0.010       0.0056      0.0025      0.0089     invg       0.1000
e_DI           0.010       0.1965      0.1920      0.2000     invg       0.1000
e_C            0.010       0.0076      0.0060      0.0093     invg       0.1000

MODEL SUMMARY

  Number of variables:         62
  Number of stochastic shocks: 7
  Number of state variables:   23
  Number of jumpers:           12
  Number of static variables:  29


MATRIX OF COVARIANCE OF EXOGENOUS SHOCKS
Variables         e_g       e_Z      e_ZI       e_N       e_D      e_DI       e_C
e_g          0.000012  0.000000  0.000000  0.000000  0.000000  0.000000  0.000000
e_Z          0.000000  0.000004  0.000000  0.000000  0.000000  0.000000  0.000000
e_ZI         0.000000  0.000000  0.005636  0.000000  0.000000  0.000000  0.000000
e_N          0.000000  0.000000  0.000000  0.000188  0.000000  0.000000  0.000000
e_D          0.000000  0.000000  0.000000  0.000000  0.000032  0.000000  0.000000
e_DI         0.000000  0.000000  0.000000  0.000000  0.000000  0.038610  0.000000
e_C          0.000000  0.000000  0.000000  0.000000  0.000000  0.000000  0.000058



THEORETICAL MOMENTS
VARIABLE         MEAN  STD. DEV.   VARIANCE
Y_obs          0.0000     0.0389     0.0015
Y_N_obs        0.0000     0.0353     0.0012
SR_obs         0.0000     0.0359     0.0013
I_obs          0.0000     0.1770     0.0313
p_I_obs        0.0000     0.1025     0.0105
C_obs          0.0000     0.0067     0.0000
NC_obs         0.0000     0.0092     0.0001
NI_obs         0.0000     0.0671     0.0045
util_obs       0.0000     0.0260     0.0007
D_obs          0.0000     0.0067     0.0000
log_Y          0.0000     0.5735     0.3289
log_Y_N        0.0000     0.5616     0.3154
log_SR         0.0000     0.2056     0.0423
log_I          0.0000     1.7220     2.9652
log_p_I        0.0000     0.9354     0.8750
log_C          0.0000     0.3454     0.1193
log_N          0.0000     0.1112     0.0124
log_NC         0.0000     0.0557     0.0031
log_NI         0.0000     0.5877     0.3454
log_util       0.0000     0.2095     0.0439
log_D          0.0000     0.1096     0.0120



VARIANCE DECOMPOSITION (in percent)
               e_g     e_Z    e_ZI     e_N     e_D    e_DI     e_C
Y_obs         0.64    0.45   57.84    0.67    0.03   40.24    0.14
Y_N_obs       0.70    1.25   56.40    1.06    0.03   40.55    0.00
SR_obs        0.70    0.88   57.52    0.17    0.03   40.68    0.02
I_obs         0.03    0.25   59.58    0.29    0.02   39.65    0.19
p_I_obs       0.00    0.16   56.09    0.02    0.00   43.71    0.01
C_obs        24.48    8.68   31.12    6.28    0.14   29.14    0.16
NC_obs        0.17    7.74   26.16   31.35    0.22   34.31    0.04
NI_obs        0.07    0.43   54.82    3.72    0.05   39.66    1.25
util_obs      0.03    0.13   17.87    0.06    0.06   81.75    0.10
D_obs         0.04    0.81   44.81    1.99    8.95   28.23   15.17
log_Y         0.00    1.72   40.83    0.29    0.00   57.14    0.02
log_Y_N       0.01    1.71   39.88    0.10    0.00   58.30    0.01
log_SR        0.04    2.36   49.85    0.42    0.00   47.30    0.04
log_I         0.00    1.78   45.92    0.09    0.00   52.14    0.06
log_p_I       0.00    1.56   38.61    0.00    0.00   59.84    0.00
log_C         0.02    1.67   38.71    0.61    0.00   58.95    0.02
log_N         0.07    1.62   44.17   18.38    0.00   35.44    0.33
log_NC        0.01    0.63   12.69   60.01    0.00   26.61    0.05
log_NI        0.06    1.79   51.69    1.35    0.00   44.72    0.38
log_util      0.02    0.65   15.69    0.04    0.00   83.55    0.04
log_D         0.00    1.78   41.53    0.64    0.04   55.15    0.87



MATRIX OF CORRELATIONS
Variables       Y_obs   Y_N_obs    SR_obs     I_obs   p_I_obs     C_obs    NC_obs    NI_obs  util_obs     D_obs     log_Y   log_Y_N    log_SR     log_I   log_p_I     log_C     log_N    log_NC    log_NI  log_util     log_D
Y_obs          1.0000    0.9227    0.9578    0.9941   -0.9370    0.6949   -0.5327    0.7667    0.8836    0.8337    0.0336    0.0180    0.2199    0.0944   -0.0894   -0.0479    0.0824   -0.1053    0.1178    0.1394    0.0073
Y_N_obs        0.9227    1.0000    0.9820    0.9085   -0.9816    0.6991   -0.7788    0.4749    0.8312    0.6574    0.0424    0.0310    0.2039    0.0956   -0.0932   -0.0310    0.0621   -0.1224    0.1052    0.1299    0.0181
SR_obs         0.9578    0.9820    1.0000    0.9539   -0.9851    0.6542   -0.7094    0.5859    0.8697    0.7162   -0.0210   -0.0122    0.0865   -0.0006   -0.0229   -0.0430   -0.0467   -0.0634   -0.0201    0.0352   -0.0417
I_obs          0.9941    0.9085    0.9539    1.0000   -0.9342    0.6128   -0.5371    0.7893    0.8857    0.8370    0.0050   -0.0015    0.1672    0.0514   -0.0576   -0.0537    0.0333   -0.0808    0.0621    0.0963   -0.0195
p_I_obs       -0.9370   -0.9816   -0.9851   -0.9342    1.0000   -0.6326    0.7065   -0.5248   -0.8620   -0.6684   -0.0082   -0.0082   -0.1355   -0.0420    0.0548    0.0354   -0.0008    0.0862   -0.0334   -0.0757    0.0143
C_obs          0.6949    0.6991    0.6542    0.6128   -0.6326    1.0000   -0.3202    0.3531    0.5655    0.5244    0.2119    0.1413    0.4937    0.3474   -0.2698    0.0068    0.3794   -0.2318    0.4467    0.3777    0.1829
NC_obs        -0.5327   -0.7788   -0.7094   -0.5371    0.7065   -0.3202    1.0000   -0.0473   -0.5740   -0.2844    0.0071   -0.0024   -0.0570   -0.0050    0.0203    0.0209    0.0487    0.0827    0.0147   -0.0250    0.0196
NI_obs         0.7667    0.4749    0.5859    0.7893   -0.5248    0.3531   -0.0473    1.0000    0.6923    0.8450   -0.0179   -0.0280    0.1330    0.0252   -0.0255   -0.0687    0.0487   -0.0291    0.0571    0.0767   -0.0370
util_obs       0.8836    0.8312    0.8697    0.8857   -0.8620    0.5655   -0.5740    0.6923    1.0000    0.7177   -0.0163   -0.0135    0.1023    0.0113   -0.0276   -0.0478   -0.0157   -0.0617    0.0085    0.0621   -0.0366
D_obs          0.8337    0.6574    0.7162    0.8370   -0.6684    0.5244   -0.2844    0.8450    0.7177    1.0000    0.0484    0.0226    0.2449    0.1191   -0.0990   -0.0480    0.1354   -0.1003    0.1661    0.1639    0.0304
log_Y          0.0336    0.0424   -0.0210    0.0050   -0.0082    0.2119    0.0071   -0.0179   -0.0163    0.0484    1.0000    0.9810    0.6386    0.9397   -0.9925    0.9045    0.2033   -0.5442    0.3985    0.6761    0.9951
log_Y_N        0.0180    0.0310   -0.0122   -0.0015   -0.0082    0.1413   -0.0024   -0.0280   -0.0135    0.0226    0.9810    1.0000    0.5032    0.8641   -0.9627    0.9593    0.0096   -0.5663    0.2237    0.5718    0.9808
log_SR         0.2199    0.2039    0.0865    0.1672   -0.1355    0.4937   -0.0570    0.1330    0.1023    0.2449    0.6386    0.5032    1.0000    0.8607   -0.7135    0.2528    0.7525   -0.5820    0.9323    0.8590    0.5967
log_I          0.0944    0.0956   -0.0006    0.0514   -0.0420    0.3474   -0.0050    0.0252    0.0113    0.1191    0.9397    0.8641    0.8607    1.0000   -0.9653    0.7041    0.4826   -0.5967    0.6825    0.8150    0.9200
log_p_I       -0.0894   -0.0932   -0.0229   -0.0576    0.0548   -0.2698    0.0203   -0.0255   -0.0276   -0.0990   -0.9925   -0.9627   -0.7135   -0.9653    1.0000   -0.8569   -0.2573    0.6077   -0.4737   -0.7413   -0.9792
log_C         -0.0479   -0.0310   -0.0430   -0.0537    0.0354    0.0068    0.0209   -0.0687   -0.0478   -0.0480    0.9045    0.9593    0.2528    0.7041   -0.8569    1.0000   -0.1796   -0.3859   -0.0236    0.3875    0.9188
log_N          0.0824    0.0621   -0.0467    0.0333   -0.0008    0.3794    0.0487    0.0487   -0.0157    0.1354    0.2033    0.0096    0.7525    0.4826   -0.2573   -0.1796    1.0000    0.0532    0.9256    0.5995    0.1791
log_NC        -0.1053   -0.1224   -0.0634   -0.0808    0.0862   -0.2318    0.0827   -0.0291   -0.0617   -0.1003   -0.5442   -0.5663   -0.5820   -0.5967    0.6077   -0.3859    0.0532    1.0000   -0.3287   -0.5452   -0.5100
log_NI         0.1178    0.1052   -0.0201    0.0621   -0.0334    0.4467    0.0147    0.0571    0.0085    0.1661    0.3985    0.2237    0.9323    0.6825   -0.4737   -0.0236    0.9256   -0.3287    1.0000    0.7736    0.3627
log_util       0.1394    0.1299    0.0352    0.0963   -0.0757    0.3777   -0.0250    0.0767    0.0621    0.1639    0.6761    0.5718    0.8590    0.8150   -0.7413    0.3875    0.5995   -0.5452    0.7736    1.0000    0.6392
log_D          0.0073    0.0181   -0.0417   -0.0195    0.0143    0.1829    0.0196   -0.0370   -0.0366    0.0304    0.9951    0.9808    0.5967    0.9200   -0.9792    0.9188    0.1791   -0.5100    0.3627    0.6392    1.0000



COEFFICIENTS OF AUTOCORRELATION
Order             1        2        3        4        5
Y_obs        0.3340   0.1104   0.0374   0.0132   0.0049
Y_N_obs      0.0009   0.0089   0.0119   0.0128   0.0129
SR_obs       0.1044   0.0281   0.0033  -0.0050  -0.0079
I_obs        0.3580   0.1263   0.0440   0.0129  -0.0000
p_I_obs      0.0195  -0.0098  -0.0054  -0.0038  -0.0032
C_obs        0.3283   0.2015   0.1841   0.1895   0.1968
NC_obs      -0.1678  -0.0036   0.0177   0.0162   0.0106
NI_obs       0.6606   0.2477   0.0884   0.0271   0.0012
util_obs     0.2516   0.0740   0.0172  -0.0016  -0.0080
D_obs        0.4252   0.1463   0.0479   0.0164   0.0061
log_Y        0.9977   0.9939   0.9896   0.9851   0.9805
log_Y_N      0.9980   0.9961   0.9941   0.9921   0.9900
log_SR       0.9848   0.9665   0.9474   0.9281   0.9091
log_I        0.9947   0.9857   0.9753   0.9644   0.9534
log_p_I      0.9940   0.9878   0.9817   0.9756   0.9696
log_C        0.9999   0.9996   0.9993   0.9989   0.9984
log_N        0.9909   0.9752   0.9575   0.9393   0.9211
log_NC       0.9863   0.9772   0.9682   0.9588   0.9488
log_NI       0.9935   0.9783   0.9599   0.9404   0.9205
log_util     0.9923   0.9807   0.9680   0.9550   0.9421
log_D        0.9982   0.9947   0.9908   0.9866   0.9824
Total computing time : 0h27m49s
Note: warning(s) encountered in MATLAB/Octave code
