Starting Dynare (version 5.4).
Calling Dynare with arguments: none
Starting preprocessing of the model file ...
Found 52 equation(s).
Evaluating expressions...done
Computing static model derivatives (order 1).
Computing dynamic model derivatives (order 1).
Processing outputs ...
done
Preprocessing completed.





Residuals of the static equations:

Equation number 1 : 0 : Labor leisure
Equation number 2 : 0 : Shopping:C
Equation number 3 : 0 : Shopping:I
Equation number 4 : 0 : Composite utility term
Equation number 5 : 0 : External habit stock
Equation number 6 : 0 : Tobins Q
Equation number 7 : 0 : Euler equation: C
Equation number 8 : 0 : Euler equation: I
Equation number 9 : 0 : Investment-capital ratio: x
Equation number 10 : 0 : Utilization: C
Equation number 11 : 0 : Utilization: I
Equation number 12 : 0 : Depreciation rate: C
Equation number 13 : 0 : Depreciation rate: I
Equation number 14 : 0 : Depreciation rate derivative: C
Equation number 15 : 0 : Depreciation rate derivative: I
Equation number 16 : 0 : Consumption production
Equation number 17 : 0 : Investment production
Equation number 18 : 0 : Capital law of motion
Equation number 19 : 0 : Labor demand:C
Equation number 20 : 0 : Labor demand:I
Equation number 21 : 0 : Capital demand:C
Equation number 22 : 0 : Capital demand:I
Equation number 23 : 0 : Labor composition
Equation number 24 : 0 : Capital composition
Equation number 25 : 0 : Shopping composition
Equation number 26 : 0 : Output (base-year prices)
Equation number 27 : 0 : Capacity utilization
Equation number 28 : 0 : exogenous TFP growth process
Equation number 29 : 0 : output growth related to TFP growth
Equation number 30 : 0 : investment-specific TFP process
Equation number 31 : 0 : Labor supply process
Equation number 32 : 0 : Shopping effort process
Equation number 33 : 0 : Consumption preference process
Equation number 34 : 0 : Definition log output
Equation number 35 : 0 : Definition log consumption
Equation number 36 : 0 : Definition log investment
Equation number 37 : 0 : Definition log hours
Equation number 38 : 0 : Definition log labor productivity
Equation number 39 : 0 : log_NI
Equation number 40 : 0 : log_Y_N
Equation number 41 : 0 : Definition log shopping effort
Equation number 42 : 0 : Definition of log relative investment  price
Equation number 43 : 0 : Definition of log capacity utilization
Equation number 44 : 0 : C_obs
Equation number 45 : 0 : I_obs
Equation number 46 : 0 : LC_obs
Equation number 47 : 0 : LI_obs
Equation number 48 : 0 : Y_obs
Equation number 49 : 0 : lab_prod_obs
Equation number 50 : 0 : p_I_obs
Equation number 51 : 0 : N_obs
Equation number 52 : 0 : util_obs



STEADY-STATE RESULTS:

Y            		 1
C            		 0.8
I            		 0.2
K            		 11.0817
K_C          		 8.86536
K_I          		 2.21634
N            		 0.3
N_C          		 0.24
N_I          		 0.06
Z_I          		 0
theta_N      		 0
theta_D      		 0
theta_C      		 0
R_C          		 0.0303056
R_I          		 0.0303056
W            		 2.23333
h_C          		 1
h_I          		 1
delta_C      		 0.0107544
delta_I      		 0.0107544
delta_C_pr   		 0.0206078
delta_I_pr   		 0.0206078
D            		 0.827037
D_C          		 0.66163
D_I          		 0.165407
Gam          		 0.55595
ha           		 0.55595
p_I          		 1
Q            		 1.47059
x            		 0.0181818
util         		 0.81
g            		 0.0074
g_z          		 0.00572253
log_Y        		 0
log_C        		 0
log_I        		 0
log_N        		 0
log_NC       		 0
log_NI       		 0
log_Y_N      		 0
log_D        		 0
log_p_I      		 0
log_util     		 0
C_obs        		 0
I_obs        		 0
Y_obs        		 0
lab_prod_obs 		 0
p_I_obs      		 0
N_obs        		 0
LC_obs       		 0
LI_obs       		 0
util_obs     		 0

EIGENVALUES:
         Modulus             Real        Imaginary

               0                0                0
               0                0                0
               0                0                0
       1.637e-19       -1.637e-19                0
        1.61e-18        -1.61e-18                0
       6.443e-18        6.443e-18                0
       7.663e-18        7.663e-18                0
       4.254e-17        4.254e-17                0
       1.671e-16       -1.671e-16                0
       5.086e-16       -5.086e-16                0
       8.221e-11       -2.475e-17        8.221e-11
       8.221e-11       -2.475e-17       -8.221e-11
        1.33e-08        -1.33e-08                0
        1.33e-08         1.33e-08                0
             0.2              0.2                0
             0.9              0.9                0
             0.9              0.9                0
             0.9              0.9                0
             0.9              0.9                0
          0.9864           0.9864                0
           1.016            1.016                0
       2.045e+16        2.045e+16                0
       2.625e+16        2.625e+16                0
       2.878e+16       -2.878e+16                0
       3.659e+16        3.659e+16                0
       3.886e+16        3.886e+16                0
       6.184e+16        6.184e+16                0
       6.456e+16        6.456e+16                0
       8.661e+16       -8.661e+16                0
       9.544e+16       -9.544e+16                0
       4.179e+17        4.179e+17                0


There are 11 eigenvalue(s) larger than 1 in modulus 
for 11 forward-looking variable(s)

The rank condition is verified.


Initial value of the log posterior (or likelihood): 3458.3666
                                            First-order      Norm of
 Iter F-count            f(x)  Feasibility   optimality         step
    0      16   -3.458367e+03    0.000e+00    1.170e-01
    1      53   -3.458367e+03    0.000e+00    4.948e-01    1.220e-05
    2      70   -3.458367e+03    0.000e+00    2.578e+00    4.814e-06
    3      92   -3.458367e+03    0.000e+00    2.186e-02    5.468e-06
    4     127   -3.458367e+03    0.000e+00    3.676e-01    3.745e-06

<a href = "matlab: helpview('optim','local_min_poss_with_constr','CSHelpWindow');">Local minimum possible. Constraints satisfied</a>.

fmincon stopped because the <a href = "matlab: helpview('optim','norm_curr_step_simple_fminconip','CSHelpWindow');">size of the current step</a> is less than
the value of the <a href = "matlab: helpview('optim','step_size_tol','CSHelpWindow');">step size tolerance</a> and constraints are 
satisfied to within the value of the <a href = "matlab: helpview('optim','constraint_tolerance','CSHelpWindow');">constraint tolerance</a>.

<<a href = "matlab: createExitMsg({'optimlib:sqpLineSearch:Exit2basic','fmincon'},{'optimlib:sqpLineSearch:Exit2detailed','1.000000e-06','0.000000e+00','1.000000e-06'},true,true);;">stopping criteria details</a>>

Final value of minus the log posterior (or likelihood):-3458.366625 

POSTERIOR KERNEL OPTIMIZATION PROBLEM!
 (minus) the hessian matrix at the "mode" is not positive definite!
=> posterior variance of the estimated parameters are not positive.
You should try to change the initial values of the parameters using
the estimated_params_init block, or use another optimization routine.
[Warning: The results below are most likely wrong!] 
[> In <a href="matlab:matlab.internal.language.introspective.errorDocCallback('dynare_estimation_1', 'C:\dynare\5.4\matlab\dynare_estimation_1.m', 318)" style="font-weight:bold">dynare_estimation_1</a> (<a href="matlab: opentoline('C:\dynare\5.4\matlab\dynare_estimation_1.m',318,0)">line 318</a>)
In <a href="matlab:matlab.internal.language.introspective.errorDocCallback('dynare_estimation', 'C:\dynare\5.4\matlab\dynare_estimation.m', 118)" style="font-weight:bold">dynare_estimation</a> (<a href="matlab: opentoline('C:\dynare\5.4\matlab\dynare_estimation.m',118,0)">line 118</a>)
In <a href="matlab:matlab.internal.language.introspective.errorDocCallback('BRS_growth_ext_util.driver', 'C:\Users\msilva913\Documents\GitHub\Shopping-effort-variable-capital-utilization-and-Solow-residual\Programs\Estimation BRS\+BRS_growth_ext_util\driver.m', 594)" style="font-weight:bold">BRS_growth_ext_util.driver</a> (<a href="matlab: opentoline('C:\Users\msilva913\Documents\GitHub\Shopping-effort-variable-capital-utilization-and-Solow-residual\Programs\Estimation BRS\+BRS_growth_ext_util\driver.m',594,0)">line 594</a>)
In <a href="matlab:matlab.internal.language.introspective.errorDocCallback('dynare', 'C:\dynare\5.4\matlab\dynare.m', 278)" style="font-weight:bold">dynare</a> (<a href="matlab: opentoline('C:\dynare\5.4\matlab\dynare.m',278,0)">line 278</a>)] 

MODE CHECK

Fval obtained by the minimization routine (minus the posterior/likelihood)): -3458.366625
[Warning: Matrix is singular, close to singular or badly scaled. Results may be inaccurate. RCOND = NaN.] 
[> In <a href="matlab:matlab.internal.language.introspective.errorDocCallback('dynare_estimation_1', 'C:\dynare\5.4\matlab\dynare_estimation_1.m', 341)" style="font-weight:bold">dynare_estimation_1</a> (<a href="matlab: opentoline('C:\dynare\5.4\matlab\dynare_estimation_1.m',341,0)">line 341</a>)
In <a href="matlab:matlab.internal.language.introspective.errorDocCallback('dynare_estimation', 'C:\dynare\5.4\matlab\dynare_estimation.m', 118)" style="font-weight:bold">dynare_estimation</a> (<a href="matlab: opentoline('C:\dynare\5.4\matlab\dynare_estimation.m',118,0)">line 118</a>)
In <a href="matlab:matlab.internal.language.introspective.errorDocCallback('BRS_growth_ext_util.driver', 'C:\Users\msilva913\Documents\GitHub\Shopping-effort-variable-capital-utilization-and-Solow-residual\Programs\Estimation BRS\+BRS_growth_ext_util\driver.m', 594)" style="font-weight:bold">BRS_growth_ext_util.driver</a> (<a href="matlab: opentoline('C:\Users\msilva913\Documents\GitHub\Shopping-effort-variable-capital-utilization-and-Solow-residual\Programs\Estimation BRS\+BRS_growth_ext_util\driver.m',594,0)">line 594</a>)
In <a href="matlab:matlab.internal.language.introspective.errorDocCallback('dynare', 'C:\dynare\5.4\matlab\dynare.m', 278)" style="font-weight:bold">dynare</a> (<a href="matlab: opentoline('C:\dynare\5.4\matlab\dynare.m',278,0)">line 278</a>)
] 

RESULTS FROM POSTERIOR ESTIMATION
parameters
        prior mean     mode    s.d.  prior pstdev

sigma_a     0.3200   0.0006     NaN   gamm 0.2000 
Psi_K       1.5000   0.0259     NaN   gamm 1.0000 
zeta        0.5000   0.0062     NaN   beta 0.2500 
phi         0.3200   0.4495     NaN   beta 0.2000 
eta         0.2000   0.5411     NaN   gamm 0.1000 
rho_g       0.1000   0.0354     NaN   beta 0.0500 
rho_ZI      0.6000   1.0000     NaN   beta 0.2000 
rho_N       0.6000   0.9726     NaN   beta 0.2000 
rho_D       0.6000   0.9767     NaN   beta 0.2000 
rho_C       0.6000   0.9999     NaN   beta 0.2000 

standard deviation of shocks
        prior mean     mode    s.d.  prior pstdev

e_ZI        0.0100   0.0072     NaN   invg 0.1000 
e_g         0.0100   0.0370     NaN   invg 0.1000 
e_N         0.0100   0.0122     NaN   invg 0.1000 
e_D         0.0100   0.0300     NaN   invg 0.1000 
e_C         0.0100   0.0085     NaN   invg 0.1000 


Log data density [Laplace approximation] is NaN.

Estimation::mcmc: Multiple chains mode.
Estimation::mcmc: Old metropolis.log file successfully erased!
Estimation::mcmc: Creation of a new metropolis.log file.
Estimation::mcmc: Searching for initial values...
Estimation::mcmc: Initial values found!

Estimation::mcmc: Write details about the MCMC... Ok!
Estimation::mcmc: Details about the MCMC are available in BRS_growth_ext_util/metropolis\BRS_growth_ext_util_mh_history_0.mat


Estimation::mcmc: Number of mh files: 1 per block.
Estimation::mcmc: Total number of generated files: 2.
Estimation::mcmc: Total number of iterations: 250000.
Estimation::mcmc: Current acceptance ratio per chain: 
                                                       Chain  1: 24.8044%
                                                       Chain  2: 23.9484%
Estimation::mcmc: Total number of MH draws per chain: 250000.
Estimation::mcmc: Total number of generated MH files: 1.
Estimation::mcmc: I'll use mh-files 1 to 1.
Estimation::mcmc: In MH-file number 1 I'll start at line 75001.
Estimation::mcmc: Finally I keep 175000 draws per chain.



MCMC Inefficiency factors per block
Parameter       Block 1     Block 2
SE_e_ZI         547.445     562.742
SE_e_g          730.906     737.480
SE_e_N          685.368     671.844
SE_e_D          737.433     738.176
SE_e_C          614.468     649.802
sigma_a         488.422     505.594
Psi_K           724.099     734.278
zeta            731.930     742.202
phi             744.877     735.637
eta             744.627     739.730
rho_g           744.925     745.362
rho_ZI           30.276      24.919
rho_N           736.058     746.140
rho_D           741.935     730.835
rho_C           165.954     200.148

Estimation::mcmc::diagnostics: Univariate convergence diagnostic, Brooks and Gelman (1998):
    Parameter 1...  Done! 
    Parameter 2...  Done! 
    Parameter 3...  Done! 
    Parameter 4...  Done! 
    Parameter 5...  Done! 
    Parameter 6...  Done! 
    Parameter 7...  Done! 
    Parameter 8...  Done! 
    Parameter 9...  Done! 
    Parameter 10...  Done! 
    Parameter 11...  Done! 
    Parameter 12...  Done! 
    Parameter 13...  Done! 
    Parameter 14...  Done! 
    Parameter 15...  Done! 

Estimation::marginal density: I'm computing the posterior mean and covariance...  Done!
Estimation::marginal density: I'm computing the posterior log marginal density (modified harmonic mean)... Done!


ESTIMATION RESULTS

Log data density is 3371.542803.

parameters
          prior mean   post. mean        90% HPD interval    prior       pstdev

sigma_a        0.320       0.0010      0.0002      0.0019     gamm       0.2000
Psi_K          1.500       0.0310      0.0049      0.0524     gamm       1.0000
zeta           0.500       0.0118      0.0007      0.0223     beta       0.2500
phi            0.320       0.4542      0.4405      0.4711     beta       0.2000
eta            0.200       0.5471      0.5380      0.5578     gamm       0.1000
rho_g          0.100       0.0377      0.0343      0.0413     beta       0.0500
rho_ZI         0.600       1.0000      0.9999      1.0000     beta       0.2000
rho_N          0.600       0.9742      0.9672      0.9836     beta       0.2000
rho_D          0.600       0.9767      0.9709      0.9846     beta       0.2000
rho_C          0.600       0.9999      0.9998      1.0000     beta       0.2000

standard deviation of shocks
          prior mean   post. mean        90% HPD interval    prior       pstdev

e_ZI           0.010       0.0072      0.0066      0.0078     invg       0.1000
e_g            0.010       0.0371      0.0348      0.0397     invg       0.1000
e_N            0.010       0.0124      0.0114      0.0135     invg       0.1000
e_D            0.010       0.0303      0.0274      0.0333     invg       0.1000
e_C            0.010       0.0089      0.0080      0.0098     invg       0.1000
Estimation::mcmc: Posterior (dsge) IRFs...
Estimation::mcmc: Posterior IRFs, done!
Estimation::compute_moments_varendo: I'm computing endogenous moments (this may take a while)... 


Posterior mean variance decomposition (in percent)
                   e_g    e_ZI     e_N     e_D     e_C
Y_obs             0.00   12.48    9.20   59.94   18.36
lab_prod_obs      0.01   20.06   11.46   68.42    0.05
I_obs             1.91    8.62   11.66   74.83    2.98
p_I_obs           0.21   94.86    0.66    4.26    0.02
C_obs             3.47   14.36    3.93   26.39   51.86
N_obs             0.00    2.02   44.03   18.32   35.63
util_obs         50.51    3.94    1.36   38.02    6.17
log_Y             0.00   58.93    0.07    0.50   40.50
log_Y_N           0.01   98.91    0.11    0.69    0.28
log_I             6.17   76.09    0.46    3.31   13.96
log_p_I           0.04   99.92    0.00    0.01    0.02
log_C             0.88   46.43    0.03    0.25   52.40
log_N             0.00   15.37    0.42    0.19   84.02
log_NC            1.38   18.52    0.17    0.24   79.70
log_NI           23.04   12.45    2.45    9.99   52.07
util             46.58   28.99    0.97    7.51   15.95


Done!


MODEL SUMMARY

  Number of variables:         52
  Number of stochastic shocks: 5
  Number of state variables:   20
  Number of jumpers:           11
  Number of static variables:  22


MATRIX OF COVARIANCE OF EXOGENOUS SHOCKS
Variables         e_g      e_ZI       e_N       e_D       e_C
e_g          0.001377  0.000000  0.000000  0.000000  0.000000
e_ZI         0.000000  0.000052  0.000000  0.000000  0.000000
e_N          0.000000  0.000000  0.000154  0.000000  0.000000
e_D          0.000000  0.000000  0.000000  0.000920  0.000000
e_C          0.000000  0.000000  0.000000  0.000000  0.000079



THEORETICAL MOMENTS
VARIABLE             MEAN  STD. DEV.   VARIANCE
Y_obs              0.0000     0.0142     0.0002
lab_prod_obs       0.0000     0.0079     0.0001
I_obs              0.0000     0.0451     0.0020
p_I_obs            0.0000     0.0076     0.0001
C_obs              0.0000     0.0079     0.0001
N_obs              0.0000     0.0105     0.0001
util_obs           0.0000     0.0153     0.0002
log_Y              0.0000     0.6647     0.4418
log_Y_N            0.0000     0.3681     0.1355
log_I              0.0000     1.0624     1.1286
log_p_I            0.0000     0.7467     0.5576
log_C              0.0000     0.6088     0.3707
log_N              0.0000     0.4508     0.2032
log_NC             0.0000     0.4993     0.2493
log_NI             0.0000     0.4529     0.2051
util               0.8100     0.3962     0.1570



VARIANCE DECOMPOSITION (in percent)
                   e_g    e_ZI     e_N     e_D     e_C
Y_obs             0.00   12.48    9.17   60.11   18.24
lab_prod_obs      0.01   20.02   11.40   68.52    0.05
I_obs             1.87    8.57   11.61   75.02    2.93
p_I_obs           0.20   94.90    0.66    4.23    0.01
C_obs             3.43   14.41    3.87   26.32   51.96
N_obs             0.00    2.01   44.20   18.29   35.50
util_obs         50.49    3.94    1.36   38.08    6.13
log_Y             0.00   61.83    0.08    0.59   37.50
log_Y_N           0.01   99.07    0.10    0.68    0.15
log_I             5.92   82.32    0.47    3.37    7.92
log_p_I           0.04   99.93    0.00    0.01    0.02
log_C             1.02   46.49    0.04    0.28   52.17
log_N             0.00   12.02    0.47    0.21   87.30
log_NC            1.51   15.91    0.19    0.24   82.15
log_NI           29.17    6.21    3.15   12.85   48.62
util             48.80   32.72    0.92    7.46   10.10

CONDITIONAL VARIANCE DECOMPOSITION (in percent)
Period 1:
                   e_g    e_ZI     e_N     e_D     e_C
Y_obs             0.00   12.58    9.12   59.90   18.40
lab_prod_obs      0.00   20.22   11.36   68.37    0.05
I_obs             0.43    8.80   11.75   76.01    3.01
p_I_obs           0.05   95.12    0.65    4.18    0.01
C_obs             0.87   14.83    3.95   26.86   53.49
N_obs             0.00    2.03   43.98   18.22   35.78
util_obs         50.95    3.98    1.31   37.56    6.19
log_Y             0.00   12.58    9.12   59.90   18.40
log_Y_N           0.00   20.22   11.36   68.37    0.05
log_I             0.43    8.80   11.75   76.01    3.01
log_p_I           0.05   95.12    0.65    4.18    0.01
log_C             0.87   14.83    3.95   26.86   53.49
log_N             0.00    2.03   43.98   18.22   35.78
log_NC            0.85    1.42   31.51    8.05   58.18
log_NI            0.57    1.06   22.46   71.38    4.53
util             50.95    3.98    1.31   37.56    6.19
Period 4:
                   e_g    e_ZI     e_N     e_D     e_C
Y_obs             0.00   12.57    9.13   59.92   18.38
lab_prod_obs      0.01   20.19   11.37   68.38    0.05
I_obs             1.89    8.66   11.58   74.91    2.96
p_I_obs           0.20   94.96    0.65    4.17    0.01
C_obs             3.44   14.44    3.86   26.21   52.06
N_obs             0.00    2.03   44.01   18.23   35.74
util_obs         50.93    3.97    1.32   37.60    6.18
log_Y             0.00   13.19    8.87   58.66   19.29
log_Y_N           0.01   21.35   11.11   67.48    0.05
log_I             2.94    8.96   11.30   73.69    3.10
log_p_I           0.30   95.09    0.61    3.98    0.01
log_C             5.26   14.71    3.51   24.10   52.42
log_N             0.00    2.12   42.64   17.80   37.44
log_NC            5.31    1.45   28.46    7.66   57.12
log_NI            3.84    1.04   21.48   68.99    4.65
util             54.68    3.97    1.14   34.01    6.19
Period 8:
                   e_g    e_ZI     e_N     e_D     e_C
Y_obs             0.00   12.55    9.14   59.95   18.35
lab_prod_obs      0.01   20.16   11.38   68.40    0.05
I_obs             1.89    8.65   11.59   74.93    2.96
p_I_obs           0.20   94.95    0.65    4.18    0.01
C_obs             3.44   14.43    3.86   26.23   52.05
N_obs             0.00    2.02   44.05   18.23   35.69
util_obs         50.85    3.96    1.33   37.68    6.17
log_Y             0.00   14.01    8.53   56.97   20.48
log_Y_N           0.01   22.91   10.80   66.22    0.06
log_I             3.67    9.65   10.99   72.34    3.35
log_p_I           0.35   95.45    0.55    3.63    0.01
log_C             6.13   14.93    3.27   22.60   53.07
log_N             0.00    2.25   40.89   17.23   39.63
log_NC            6.28    1.50   26.58    7.02   58.62
log_NI            4.81    1.12   21.02   68.01    5.04
util             57.51    4.12    0.98   30.97    6.43
Period 40:
                   e_g    e_ZI     e_N     e_D     e_C
Y_obs             0.00   12.49    9.16   60.07   18.27
lab_prod_obs      0.01   20.05   11.40   68.49    0.05
I_obs             1.87    8.59   11.61   75.00    2.94
p_I_obs           0.20   94.91    0.66    4.22    0.01
C_obs             3.43   14.41    3.87   26.30   51.98
N_obs             0.00    2.01   44.18   18.27   35.54
util_obs         50.57    3.94    1.35   38.00    6.14
log_Y             0.01   20.13    6.29   44.21   29.37
log_Y_N           0.02   35.65    8.66   55.58    0.09
log_I             6.76   16.18    9.02   62.46    5.59
log_p_I           0.39   97.47    0.27    1.86    0.01
log_C             7.36   16.58    2.12   15.39   58.55
log_N             0.00    3.12   29.12   12.93   54.83
log_NC            8.11    1.82   16.96    3.57   69.53
log_NI            9.37    1.96   18.39   61.39    8.89
util             71.57    4.99    0.37   15.24    7.82



MATRIX OF CORRELATIONS
Variables              Y_obs  lab_prod_obs         I_obs       p_I_obs         C_obs         N_obs      util_obs         log_Y       log_Y_N         log_I       log_p_I         log_C         log_N        log_NC        log_NI          util
Y_obs                 1.0000        0.6881        0.9518       -0.5334        0.8983        0.8375        0.6891        0.0107        0.0074        0.0228       -0.0029        0.0047        0.0097        0.0011        0.0435        0.0187
lab_prod_obs          0.6881        1.0000        0.7302       -0.5788        0.5103        0.1798        0.5560        0.0073        0.0108        0.0172       -0.0030        0.0025        0.0020       -0.0040        0.0276        0.0142
I_obs                 0.9518        0.7302        1.0000       -0.4991        0.7201        0.7404        0.7238        0.0089        0.0070        0.0212       -0.0022        0.0029        0.0074       -0.0010        0.0413        0.0183
p_I_obs              -0.5334       -0.5788       -0.4991        1.0000       -0.4914       -0.2872       -0.3489       -0.0053       -0.0060       -0.0121        0.0051       -0.0020       -0.0030        0.0005       -0.0168       -0.0119
C_obs                 0.8983        0.5103        0.7201       -0.4914        1.0000        0.8335        0.5216        0.0115        0.0068        0.0210       -0.0034        0.0065        0.0113        0.0039        0.0393        0.0161
N_obs                 0.8375        0.1798        0.7404       -0.2872        0.8335        1.0000        0.5155        0.0090        0.0020        0.0179       -0.0016        0.0045        0.0117        0.0045        0.0383        0.0147
util_obs              0.6891        0.5560        0.7238       -0.3489        0.5216        0.5155        1.0000        0.0020        0.0022        0.0059        0.0003        0.0001        0.0011       -0.0016        0.0125        0.0157
log_Y                 0.0107        0.0073        0.0089       -0.0053        0.0115        0.0090        0.0020        1.0000        0.7644        0.8840       -0.7811        0.9790        0.8502        0.8639        0.4222       -0.4436
log_Y_N               0.0074        0.0108        0.0070       -0.0060        0.0068        0.0020        0.0022        0.7644        1.0000        0.8997       -0.9961        0.6506        0.3105        0.3542       -0.0162       -0.4542
log_I                 0.0228        0.0172        0.0212       -0.0121        0.0210        0.0179        0.0059        0.8840        0.8997        1.0000       -0.9063        0.7701        0.5687        0.5469        0.4191       -0.1884
log_p_I              -0.0029       -0.0030       -0.0022        0.0051       -0.0034       -0.0016        0.0003       -0.7811       -0.9961       -0.9063        1.0000       -0.6705       -0.3382       -0.3824        0.0027        0.4505
log_C                 0.0047        0.0025        0.0029       -0.0020        0.0065        0.0045        0.0001        0.9790        0.6506        0.7701       -0.6705        1.0000        0.9121        0.9404        0.3933       -0.5231
log_N                 0.0097        0.0020        0.0074       -0.0030        0.0113        0.0117        0.0011        0.8502        0.3105        0.5687       -0.3382        0.9121        1.0000        0.9846        0.6356       -0.2831
log_NC                0.0011       -0.0040       -0.0010        0.0005        0.0039        0.0045       -0.0016        0.8639        0.3542        0.5469       -0.3824        0.9404        0.9846        1.0000        0.4907       -0.4378
log_NI                0.0435        0.0276        0.0413       -0.0168        0.0393        0.0383        0.0125        0.4222       -0.0162        0.4191        0.0027        0.3933        0.6356        0.4907        1.0000        0.5216
util                  0.0187        0.0142        0.0183       -0.0119        0.0161        0.0147        0.0157       -0.4436       -0.4542       -0.1884        0.4505       -0.5231       -0.2831       -0.4378        0.5216        1.0000



COEFFICIENTS OF AUTOCORRELATION
Order                 1        2        3        4        5
Y_obs           -0.0078  -0.0080  -0.0078  -0.0076  -0.0075
lab_prod_obs    -0.0089  -0.0092  -0.0090  -0.0088  -0.0086
I_obs            0.0066  -0.0097  -0.0099  -0.0097  -0.0095
p_I_obs          0.0007  -0.0006  -0.0006  -0.0006  -0.0006
C_obs            0.0067  -0.0024  -0.0030  -0.0030  -0.0029
N_obs           -0.0078  -0.0077  -0.0075  -0.0073  -0.0071
util_obs         0.0199  -0.0028  -0.0036  -0.0035  -0.0035
log_Y            0.9998   0.9995   0.9993   0.9991   0.9989
log_Y_N          0.9998   0.9995   0.9993   0.9991   0.9989
log_I            0.9991   0.9982   0.9973   0.9964   0.9956
log_p_I          0.9999   0.9999   0.9998   0.9998   0.9997
log_C            0.9999   0.9998   0.9997   0.9997   0.9996
log_N            0.9997   0.9995   0.9992   0.9989   0.9987
log_NC           0.9999   0.9998   0.9996   0.9995   0.9994
log_NI           0.9966   0.9931   0.9897   0.9864   0.9831
util             0.9995   0.9990   0.9985   0.9980   0.9975
Total computing time : 0h33m36s
Note: warning(s) encountered in MATLAB/Octave code
