Starting Dynare (version 5.4).
Calling Dynare with arguments: none
Starting preprocessing of the model file ...
Found 62 equation(s).
Evaluating expressions...done
Computing static model derivatives (order 1).
Computing dynamic model derivatives (order 1).
Processing outputs ...
done
Preprocessing completed.





Residuals of the static equations:

Equation number 1 : 0 : Labor composite
Equation number 2 : 0 : Composite utility term
Equation number 3 : 0 : Labor leisure:C
Equation number 4 : 0 : Labor leisure:I
Equation number 5 : 0 : Shopping:C
Equation number 6 : 0 : Shopping:I
Equation number 7 : 0 : Investment adjustment cost function
Equation number 8 : 0 : Investment adjustment cost function: derivative
Equation number 9 : 0 : Investment growth
Equation number 10 : 0 : Tobins Q
Equation number 11 : 0 : Euler equation: C
Equation number 12 : 0 : Euler equation: I
Equation number 13 : 0 : Utilization: C
Equation number 14 : 0 : Utilization: I
Equation number 15 : 0 : Depreciation rate: C
Equation number 16 : 0 : Depreciation rate: I
Equation number 17 : 0 : Depreciation rate derivative: C
Equation number 18 : 0 : Depreciation rate derivative: I
Equation number 19 : 0 : Consumption production
Equation number 20 : 0 : Investment production
Equation number 21 : 0 : Capital law of motion
Equation number 22 : 0 : Labor demand:C
Equation number 23 : 0 : Labor demand:I
Equation number 24 : 0 : Capital demand:C
Equation number 25 : 0 : Capital demand:I
Equation number 26 : 0 : Labor composition
Equation number 27 : 0 : Capital composition
Equation number 28 : 0 : Shopping composition
Equation number 29 : 0 : Output (base-year prices)
Equation number 30 : 0 : Capacity utilization
Equation number 31 : 0 : stochastic trend process
Equation number 32 : 0 : Stationary TFP process
Equation number 33 : 0 : Independent component of I-specific tech
Equation number 34 : 0 : Investment-specific TFP process
Equation number 35 : 0 : Labor supply process
Equation number 36 : 0 : Shopping effort process
Equation number 37 : 0 : Relative shopping effort process
Equation number 38 : 0 : Consumption preference process
Equation number 39 : 0 : Definition log output
Equation number 40 : 0 : Definition log consumption
Equation number 41 : 0 : Definition log investment
Equation number 42 : 0 : Definition log hours
Equation number 43 : 0 : log_NC
Equation number 44 : 0 : log_NI
Equation number 45 : 0 : log capital
Equation number 46 : 0 : Definition log labor productivity
Equation number 47 : 0 : Definition log shopping effort
Equation number 48 : 0 : Definition of log relative investment  price
Equation number 49 : 0 : Definition of log capacity utilization
Equation number 50 : 0 : Definition of log Solow residual
Equation number 51 : 0 : C_obs
Equation number 52 : 0 : I_obs
Equation number 53 : 0 : Y_obs
Equation number 54 : 0 : Y_N_obs
Equation number 55 : 0 : K_obs
Equation number 56 : 0 : SR_obs
Equation number 57 : 0 : p_I_obs
Equation number 58 : 0 : N_obs
Equation number 59 : 0 : NC_obs
Equation number 60 : 0 : NI_obs
Equation number 61 : 0 : util_obs
Equation number 62 : 0 : D_obs


[Warning: Some of the parameters have no value (gam_max) when using steady. If these parameters are not initialized in a steadystate file or a
steady_state_model-block, Dynare may not be able to solve the model. Note that simul, perfect_foresight_setup, and perfect_foresight_solver do not
automatically call the steady state file.] 

STEADY-STATE RESULTS:

Y          		 1
C          		 0.8
I          		 0.2
K          		 11.0496
K_C        		 8.83969
K_I        		 2.20992
N          		 0.3
N_C        		 0.24
N_I        		 0.06
N_comp     		 0.3
Z_C        		 0
u_ZI       		 0
Z_I        		 0
theta_N    		 0
theta_D    		 0
theta_I    		 0
theta_C    		 0
R_C        		 0.0348329
R_I        		 0.0348329
W_C        		 2.23333
W_I        		 2.23333
h_C        		 1
h_I        		 1
delta_C    		 0.0136717
delta_I    		 0.0136717
delta_C_pr 		 0.0235251
delta_I_pr 		 0.0235251
S          		 0
S_pr       		 0
D          		 0.82902
D_C        		 0.663216
D_I        		 0.165804
Gam        		 0.345895
p_I        		 1
Q          		 1.48067
x          		 1.00451
log_SR     		 0
util       		 0.81
g          		 0.0045
log_Y      		 0
log_C      		 0
log_I      		 0
log_N      		 0
log_NC     		 0
log_NI     		 0
log_K      		 0
log_Y_N    		 0
log_D      		 0
log_p_I    		 0
log_util   		 0
C_obs      		 0
I_obs      		 0
Y_obs      		 0
Y_N_obs    		 0
p_I_obs    		 0
N_obs      		 0
NC_obs     		 0
NI_obs     		 0
util_obs   		 0
D_obs      		 0
K_obs      		 0
SR_obs     		 0

EIGENVALUES:
         Modulus             Real        Imaginary

               0                0                0
               0                0                0
               0                0                0
       8.036e-19        8.036e-19                0
       1.005e-18        1.005e-18                0
       2.021e-17        2.021e-17                0
       2.257e-17        2.257e-17                0
       3.381e-17       -3.381e-17                0
       1.265e-16       -1.265e-16                0
       8.593e-10       -8.593e-10                0
       8.593e-10        8.593e-10                0
       3.013e-08        1.214e-14        3.013e-08
       3.013e-08        1.214e-14       -3.013e-08
             0.1              0.1                0
          0.3812           0.3812                0
          0.7511           0.7511                0
             0.9              0.9                0
             0.9              0.9                0
             0.9              0.9                0
             0.9              0.9                0
           0.979            0.979                0
           0.979            0.979                0
          0.9898           0.9898                0
           1.016            1.016                0
           1.363            1.363                0
       7.176e+15        7.176e+15                0
       1.707e+16        1.707e+16                0
       5.125e+16        5.125e+16                0
       1.433e+17        1.433e+17                0
       3.841e+17        3.841e+17                0
       4.986e+17        4.986e+17                0
       5.393e+17        5.393e+17                0
       2.418e+18        2.418e+18                0
       4.689e+18       -4.689e+18                0
       2.922e+21        2.922e+21                0


There are 12 eigenvalue(s) larger than 1 in modulus 
for 12 forward-looking variable(s)

The rank condition is verified.

[Warning: Some of the parameters have no value (gam_max) when using stoch_simul. If these parameters are not initialized in a steadystate file or a
steady_state_model-block, Dynare may not be able to solve the model. Note that simul, perfect_foresight_setup, and perfect_foresight_solver do not
automatically call the steady state file.] 

MODEL SUMMARY

  Number of variables:         62
  Number of stochastic shocks: 7
  Number of state variables:   23
  Number of jumpers:           12
  Number of static variables:  29


MATRIX OF COVARIANCE OF EXOGENOUS SHOCKS
Variables         e_g       e_Z      e_ZI       e_N       e_D      e_DI       e_C
e_g          0.000000  0.000000  0.000000  0.000000  0.000000  0.000000  0.000000
e_Z          0.000000  0.000052  0.000000  0.000000  0.000000  0.000000  0.000000
e_ZI         0.000000  0.000000  0.000000  0.000000  0.000000  0.000000  0.000000
e_N          0.000000  0.000000  0.000000  0.000000  0.000000  0.000000  0.000000
e_D          0.000000  0.000000  0.000000  0.000000  0.000052  0.000000  0.000000
e_DI         0.000000  0.000000  0.000000  0.000000  0.000000  0.000000  0.000000
e_C          0.000000  0.000000  0.000000  0.000000  0.000000  0.000000  0.000000



THEORETICAL MOMENTS
VARIABLE         MEAN  STD. DEV.   VARIANCE
Y_obs          0.0000     0.0109     0.0001
Y_N_obs        0.0000     0.0118     0.0001
SR_obs         0.0000     0.0115     0.0001
I_obs          0.0000     0.0374     0.0014
p_I_obs        0.0000     0.0113     0.0001
C_obs          0.0000     0.0081     0.0001
NC_obs         0.0000     0.0045     0.0000
NI_obs         0.0000     0.0177     0.0003
util_obs       0.0000     0.0041     0.0000
D_obs          0.0000     0.0020     0.0000
log_Y          0.0000     0.2251     0.0507
log_Y_N        0.0000     0.1903     0.0362
log_SR         0.0000     0.1415     0.0200
log_I          0.0000     0.7980     0.6368
log_p_I        0.0000     0.2417     0.0584
log_C          0.0000     0.1236     0.0153
log_N          0.0000     0.0538     0.0029
log_NC         0.0000     0.0208     0.0004
log_NI         0.0000     0.3502     0.1227
log_util       0.0000     0.0898     0.0081
log_D          0.0000     0.0302     0.0009



VARIANCE DECOMPOSITION (in percent)
               e_g     e_Z    e_ZI     e_N     e_D    e_DI     e_C
Y_obs         0.00   99.92    0.00    0.00    0.08    0.00    0.00
Y_N_obs       0.00   99.89    0.00    0.00    0.11    0.00    0.00
SR_obs        0.00   99.90    0.00    0.00    0.10    0.00    0.00
I_obs         0.00   99.98    0.00    0.00    0.02    0.00    0.00
p_I_obs       0.00  100.00    0.00    0.00    0.00    0.00    0.00
C_obs         0.00   99.90    0.00    0.00    0.10    0.00    0.00
NC_obs        0.00   99.89    0.00    0.00    0.11    0.00    0.00
NI_obs        0.00   99.97    0.00    0.00    0.03    0.00    0.00
util_obs      0.00   99.32    0.00    0.00    0.68    0.00    0.00
D_obs         0.00   62.22    0.00    0.00   37.78    0.00    0.00
log_Y         0.00   99.98    0.00    0.00    0.02    0.00    0.00
log_Y_N       0.00   99.98    0.00    0.00    0.02    0.00    0.00
log_SR        0.00   99.98    0.00    0.00    0.02    0.00    0.00
log_I         0.00   99.99    0.00    0.00    0.01    0.00    0.00
log_p_I       0.00  100.00    0.00    0.00    0.00    0.00    0.00
log_C         0.00   99.97    0.00    0.00    0.03    0.00    0.00
log_N         0.00   99.99    0.00    0.00    0.01    0.00    0.00
log_NC        0.00   99.99    0.00    0.00    0.01    0.00    0.00
log_NI        0.00   99.99    0.00    0.00    0.01    0.00    0.00
log_util      0.00   99.95    0.00    0.00    0.05    0.00    0.00
log_D         0.00   95.53    0.00    0.00    4.47    0.00    0.00



MATRIX OF CORRELATIONS
Variables       Y_obs   Y_N_obs    SR_obs     I_obs   p_I_obs     C_obs    NC_obs    NI_obs  util_obs     D_obs     log_Y   log_Y_N    log_SR     log_I   log_p_I     log_C     log_N    log_NC    log_NI  log_util     log_D
Y_obs          1.0000    0.9004    0.9246    0.8180   -0.6237    0.7448   -0.4494    0.5441    0.9121    0.7911    0.0243    0.0287    0.3208    0.0297    0.0294    0.0072   -0.0001   -0.1922    0.0456    0.2627    0.0391
Y_N_obs        0.9004    1.0000    0.9620    0.5354   -0.2310    0.9039   -0.7318    0.1940    0.7392    0.7789    0.0212    0.0310    0.2124    0.0243    0.0271    0.0091   -0.0209   -0.2130    0.0345    0.1652    0.0344
SR_obs         0.9246    0.9620    1.0000    0.6190   -0.3412    0.8479   -0.6429    0.3042    0.8719    0.7790   -0.1468   -0.1024    0.0406   -0.1942    0.1930   -0.0207   -0.2516    0.0266   -0.1997    0.0307   -0.1305
I_obs          0.8180    0.5354    0.6190    1.0000   -0.8553    0.2253   -0.1836    0.9263    0.8237    0.5775    0.0089    0.0011    0.3868    0.0234    0.0279   -0.0175    0.0333   -0.0907    0.0472    0.3358    0.0192
p_I_obs       -0.6237   -0.2310   -0.3412   -0.8553    1.0000   -0.0640   -0.3107   -0.8360   -0.6932   -0.3686   -0.0606   -0.0501   -0.3617   -0.0680    0.0235   -0.0283   -0.0764    0.0912   -0.0804   -0.3032   -0.0690
C_obs          0.7448    0.9039    0.8479    0.2253   -0.0640    1.0000   -0.5481   -0.1531    0.5893    0.6700    0.0307    0.0474    0.0947    0.0232    0.0173    0.0326   -0.0389   -0.2203    0.0224    0.0555    0.0440
NC_obs        -0.4494   -0.7318   -0.6429   -0.1836   -0.3107   -0.5481    1.0000    0.0301   -0.2611   -0.4750    0.0212    0.0154   -0.0622    0.0110   -0.0343    0.0304    0.0338    0.1086    0.0002   -0.0519    0.0170
NI_obs         0.5441    0.1940    0.3042    0.9263   -0.8360   -0.1531    0.0301    1.0000    0.6175    0.3309   -0.0173   -0.0302    0.3451   -0.0003    0.0353   -0.0389    0.0347    0.0057    0.0253    0.3128   -0.0115
util_obs       0.9121    0.7392    0.8719    0.8237   -0.6932    0.5893   -0.2611    0.6175    1.0000    0.7316   -0.2324   -0.1763    0.0167   -0.3029    0.2763   -0.0401   -0.3484    0.1879   -0.3124    0.0230   -0.2134
D_obs          0.7911    0.7789    0.7790    0.5775   -0.3686    0.6700   -0.4750    0.3309    0.7316    1.0000    0.0104    0.0167    0.2197    0.0138    0.0305    0.0013   -0.0158   -0.1576    0.0253    0.1789    0.0339
log_Y          0.0243    0.0212   -0.1468    0.0089   -0.0606    0.0307    0.0212   -0.0173   -0.2324    0.0104    1.0000    0.9803    0.3749    0.9236   -0.9979    0.7856    0.7149   -0.7058    0.7172    0.0390    0.9798
log_Y_N        0.0287    0.0310   -0.1024    0.0011   -0.0501    0.0474    0.0154   -0.0302   -0.1763    0.0167    0.9803    1.0000    0.1986    0.8298   -0.9815    0.8921    0.5625   -0.5613    0.5657   -0.1497    0.9597
log_SR         0.3208    0.2124    0.0406    0.3868   -0.3617    0.0947   -0.0622    0.3451    0.0167    0.2197    0.3749    0.1986    1.0000    0.6750   -0.3428   -0.2362    0.8652   -0.8691    0.8715    0.9375    0.3769
log_I          0.0297    0.0243   -0.1942    0.0234   -0.0680    0.0232    0.0110   -0.0003   -0.3029    0.0138    0.9236    0.8298    0.6750    1.0000   -0.9141    0.4884    0.9275   -0.9114    0.9294    0.4011    0.9061
log_p_I        0.0294    0.0271    0.1930    0.0279    0.0235    0.0173   -0.0343    0.0353    0.2763    0.0305   -0.9979   -0.9815   -0.3428   -0.9141    1.0000   -0.7961   -0.7015    0.6803   -0.7008   -0.0080   -0.9738
log_C          0.0072    0.0091   -0.0207   -0.0175   -0.0283    0.0326    0.0304   -0.0389   -0.0401    0.0013    0.7856    0.8921   -0.2362    0.4884   -0.7961    1.0000    0.1303   -0.1356    0.1323   -0.5588    0.7679
log_N         -0.0001   -0.0209   -0.2516    0.0333   -0.0764   -0.0389    0.0338    0.0347   -0.3484   -0.0158    0.7149    0.5625    0.8652    0.9275   -0.7015    0.1303    1.0000   -0.9661    0.9981    0.6923    0.7033
log_NC        -0.1922   -0.2130    0.0266   -0.0907    0.0912   -0.2203    0.1086    0.0057    0.1879   -0.1576   -0.7058   -0.5613   -0.8691   -0.9114    0.6803   -0.1356   -0.9661    1.0000   -0.9801   -0.6902   -0.6979
log_NI         0.0456    0.0345   -0.1997    0.0472   -0.0804    0.0224    0.0002    0.0253   -0.3124    0.0253    0.7172    0.5657    0.8715    0.9294   -0.7008    0.1323    0.9981   -0.9801    1.0000    0.6961    0.7063
log_util       0.2627    0.1652    0.0307    0.3358   -0.3032    0.0555   -0.0519    0.3128    0.0230    0.1789    0.0390   -0.1497    0.9375    0.4011   -0.0080   -0.5588    0.6923   -0.6902    0.6961    1.0000    0.0505
log_D          0.0391    0.0344   -0.1305    0.0192   -0.0690    0.0440    0.0170   -0.0115   -0.2134    0.0339    0.9798    0.9597    0.3769    0.9061   -0.9738    0.7679    0.7033   -0.6979    0.7063    0.0505    1.0000



COEFFICIENTS OF AUTOCORRELATION
Order             1        2        3        4        5
Y_obs        0.6586   0.5143   0.4409   0.3927   0.3532
Y_N_obs      0.2159   0.1760   0.1517   0.1338   0.1189
SR_obs       0.3824   0.3062   0.2623   0.2305   0.2034
I_obs        0.9573   0.9040   0.8410   0.7716   0.6990
p_I_obs      0.7818   0.6553   0.5507   0.4639   0.3912
C_obs        0.3622   0.1074   0.0027  -0.0405  -0.0575
NC_obs      -0.2937  -0.0896  -0.0114   0.0193   0.0308
NI_obs       0.9548   0.9040   0.8408   0.7703   0.6964
util_obs     0.8145   0.6390   0.5550   0.5010   0.4559
D_obs        0.3076   0.2261   0.1920   0.1742   0.1607
log_Y        0.9988   0.9961   0.9922   0.9872   0.9813
log_Y_N      0.9981   0.9953   0.9919   0.9879   0.9834
log_SR       0.9967   0.9909   0.9830   0.9735   0.9624
log_I        0.9989   0.9957   0.9905   0.9835   0.9748
log_p_I      0.9989   0.9961   0.9918   0.9863   0.9798
log_C        0.9979   0.9942   0.9901   0.9860   0.9820
log_N        0.9954   0.9895   0.9817   0.9719   0.9603
log_NC       0.9764   0.9667   0.9612   0.9562   0.9504
log_NI       0.9987   0.9950   0.9889   0.9807   0.9706
log_util     0.9989   0.9961   0.9920   0.9867   0.9803
log_D        0.9977   0.9940   0.9893   0.9836   0.9772
Total computing time : 0h00m06s
Note: warning(s) encountered in MATLAB/Octave code
