Starting Dynare (version 5.4).
Calling Dynare with arguments: none
Starting preprocessing of the model file ...
Found 62 equation(s).
Evaluating expressions...done
Computing static model derivatives (order 1).
Computing dynamic model derivatives (order 1).
Processing outputs ...
done
Preprocessing completed.





Residuals of the static equations:

Equation number 1 : 0 : Labor composite
Equation number 2 : 0 : Composite utility term
Equation number 3 : 0 : Labor leisure:C
Equation number 4 : 0 : Labor leisure:I
Equation number 5 : 0 : Shopping:C
Equation number 6 : 0 : Shopping:I
Equation number 7 : 0 : Investment adjustment cost function
Equation number 8 : 0 : Investment adjustment cost function: derivative
Equation number 9 : 0 : Investment growth
Equation number 10 : 0 : Tobins Q
Equation number 11 : 0 : Euler equation: C
Equation number 12 : 0 : Euler equation: I
Equation number 13 : 0 : Utilization: C
Equation number 14 : 0 : Utilization: I
Equation number 15 : 0 : Depreciation rate: C
Equation number 16 : 0 : Depreciation rate: I
Equation number 17 : 0 : Depreciation rate derivative: C
Equation number 18 : 0 : Depreciation rate derivative: I
Equation number 19 : 0 : Consumption production
Equation number 20 : 0 : Investment production
Equation number 21 : 0 : Capital law of motion
Equation number 22 : 0 : Labor demand:C
Equation number 23 : 0 : Labor demand:I
Equation number 24 : 0 : Capital demand:C
Equation number 25 : 0 : Capital demand:I
Equation number 26 : 0 : Labor composition
Equation number 27 : 0 : Capital composition
Equation number 28 : 0 : Shopping composition
Equation number 29 : 0 : Output (base-year prices)
Equation number 30 : 0 : Capacity utilization
Equation number 31 : 0 : stochastic trend process
Equation number 32 : 0 : Stationary TFP process
Equation number 33 : 0 : Independent component of I-specific tech
Equation number 34 : 0 : Investment-specific TFP process
Equation number 35 : 0 : Labor supply process
Equation number 36 : 0 : Shopping effort process
Equation number 37 : 0 : Relative shopping effort process
Equation number 38 : 0 : Consumption preference process
Equation number 39 : 0 : Definition log output
Equation number 40 : 0 : Definition log consumption
Equation number 41 : 0 : Definition log investment
Equation number 42 : 0 : Definition log hours
Equation number 43 : 0 : log_NC
Equation number 44 : 0 : log_NI
Equation number 45 : 0 : log capital
Equation number 46 : 0 : Definition log labor productivity
Equation number 47 : 0 : Definition log shopping effort
Equation number 48 : 0 : Definition of log relative investment  price
Equation number 49 : 0 : Definition of log capacity utilization
Equation number 50 : 0 : Definition of log Solow residual
Equation number 51 : 0 : C_obs
Equation number 52 : 0 : I_obs
Equation number 53 : 0 : Y_obs
Equation number 54 : 0 : Y_N_obs
Equation number 55 : 0 : K_obs
Equation number 56 : 0 : SR_obs
Equation number 57 : 0 : p_I_obs
Equation number 58 : 0 : N_obs
Equation number 59 : 0 : NC_obs
Equation number 60 : 0 : NI_obs
Equation number 61 : 0 : util_obs
Equation number 62 : 0 : D_obs



STEADY-STATE RESULTS:

Y          		 1
C          		 0.8
I          		 0.2
K          		 11.0496
K_C        		 8.83969
K_I        		 2.20992
N          		 0.3
N_C        		 0.24
N_I        		 0.06
N_comp     		 0.3
Z_C        		 0
u_ZI       		 0
Z_I        		 0
theta_N    		 0
theta_D    		 0
theta_I    		 0
theta_C    		 0
R_C        		 0.0348329
R_I        		 0.0348329
W_C        		 2.23333
W_I        		 2.23333
h_C        		 1
h_I        		 1
delta_C    		 0.0136717
delta_I    		 0.0136717
delta_C_pr 		 0.0235251
delta_I_pr 		 0.0235251
S          		 0
S_pr       		 0
D          		 0.82902
D_C        		 0.663216
D_I        		 0.165804
Gam        		 0.345895
p_I        		 1
Q          		 1.48067
x          		 1.00451
log_SR     		 0
util       		 0.81
g          		 0.0045
log_Y      		 0
log_C      		 0
log_I      		 0
log_N      		 0
log_NC     		 0
log_NI     		 0
log_K      		 0
log_Y_N    		 0
log_D      		 0
log_p_I    		 0
log_util   		 0
C_obs      		 0
I_obs      		 0
Y_obs      		 0
Y_N_obs    		 0
p_I_obs    		 0
N_obs      		 0
NC_obs     		 0
NI_obs     		 0
util_obs   		 0
D_obs      		 0
K_obs      		 0
SR_obs     		 0

EIGENVALUES:
         Modulus             Real        Imaginary

               0                0                0
               0                0                0
               0                0                0
               0                0                0
               0                0                0
               0                0                0
               0                0                0
               0                0                0
       1.123e-19        1.123e-19                0
       1.425e-19        1.425e-19                0
       3.934e-19        3.934e-19                0
       1.328e-18       -1.328e-18                0
       2.495e-17        2.495e-17                0
       5.476e-16       -5.476e-16                0
       3.126e-15       -3.126e-15                0
       5.036e-09       -5.036e-09                0
       5.036e-09        5.036e-09                0
       1.404e-08        1.404e-08                0
       1.404e-08       -1.404e-08                0
          0.3705           0.3705                0
          0.7753           0.7753                0
           0.979            0.979                0
          0.9885           0.9885                0
           1.017            1.017                0
           1.329            1.329                0
       7.656e+15       -7.656e+15                0
       7.964e+15       -7.964e+15                0
       2.434e+16        2.434e+16                0
       4.194e+16       -4.194e+16                0
       5.046e+16        5.046e+16                0
       3.394e+17        3.394e+17                0
       9.333e+18       -9.333e+18                0
       2.084e+21        2.084e+21                0
             Inf              Inf                0
             Inf             -Inf                0


There are 12 eigenvalue(s) larger than 1 in modulus 
for 12 forward-looking variable(s)

The rank condition is verified.


Initial value of the log posterior (or likelihood): 801.214
Gradient norm  1.5408
Minimum Hessian eigenvalue 0.018357
Maximum Hessian eigenvalue 1624990.4644
 
Iteration 1
Correct for low angle: 0.0039926
Predicted improvement:        0.000160445
lambda =          1; f =         -801.2109461
lambda =    0.33333; f =         -801.2137389
lambda =    0.11111; f =         -801.2140049
lambda =   0.037037; f =         -801.2140188
Norm of dx   0.041652
Predicted improvement:        1.187071973
lambda =          1; f =         -799.5670824
lambda =    0.33333; f =         -801.0976778
lambda =    0.11111; f =         -801.2021221
lambda =   0.037037; f =         -801.2130069
lambda =   0.012346; f =         -801.2139766
lambda =  0.0041152; f =         -783.4949398
lambda =  0.0013717; f =         -799.4216483
lambda = 0.00045725; f =         -801.0111558
lambda = 0.00015242; f =         -801.1913139
lambda = 5.0805e-05; f =         -801.2115041
lambda = 1.6935e-05; f =         -801.2137447
lambda =  5.645e-06; f =         -801.2139902
lambda = 1.8817e-06; f =         -801.2140162
lambda = 6.2723e-07; f =         -801.2140187
lambda = 2.0908e-07; f =         -801.2140188
lambda = 6.9692e-08; f =         -801.2140188
lambda = 2.3231e-08; f =         -801.2140188
lambda = 7.7435e-09; f =         -801.2140188
lambda = 2.5812e-09; f =         -801.2140188
Norm of dx     1.5408
Sequence of univariate steps!!
Try diagonal Hessian
Correct for low angle: 0.00265775
Predicted improvement:        0.000023851
lambda =          1; f =         -801.2138454
lambda =    0.33333; f =         -801.2140045
lambda =    0.11111; f =         -801.2140189
lambda =   0.037037; f =         -801.2140194
Norm of dx  0.0061918
Try gradient direction
Predicted improvement:        0.000118707
lambda =          1; f =         -801.2041088
lambda =    0.33333; f =         -801.2128962
lambda =    0.11111; f =         -801.2138880
lambda =   0.037037; f =         -801.2140026
lambda =   0.012346; f =         -801.2140168
lambda =  0.0041152; f =         -801.2140189
lambda =  0.0013717; f =         -801.2140193
lambda = 0.00045725; f =         -801.2140193
lambda = 0.00015242; f =         -801.2140194
lambda = 5.0805e-05; f =         -801.2140194
lambda = 1.6935e-05; f =         -801.2140194
lambda =  5.645e-06; f =         -801.2140194
lambda = 1.8817e-06; f =         -801.2140194
lambda = 6.2723e-07; f =         -801.2140194
lambda = 2.0908e-07; f =         -801.2140194
lambda = 6.9692e-08; f =         -801.2140194
lambda = 1.3473e-07; f =         -801.2140194
Norm of dx 0.00015408
No further improvement is possible!
Actual dxnorm 0.0013644
FVAL          -801.214
Improvement   7.7909e-06
Ftol          1e-05
Htol          1e-05
Gradient norm  1.5408
Minimum Hessian eigenvalue 0.018357
Maximum Hessian eigenvalue 1624990.4644
Estimation successful.

Final value of minus the log posterior (or likelihood):-801.214019 

MODE CHECK

Fval obtained by the minimization routine (minus the posterior/likelihood)): -801.214019

RESULTS FROM POSTERIOR ESTIMATION
parameters
        prior mean     mode    s.d.  prior pstdev

ha          0.5000   0.6209  0.1421   beta 0.2000 
xi          3.2400   3.4408  0.5121   gamm 0.5000 
sigma_a     1.0000   0.4907  0.1481   invg 1.0000 
Psi_K       4.0000   3.5522  0.9528   gamm 1.0000 
eta         0.2000   0.8629  0.2327   gamm 0.1500 
rho_D       0.6000   0.9929  0.0015   beta 0.2000 

standard deviation of shocks
        prior mean     mode    s.d.  prior pstdev

e_D         0.0100   0.0260  0.0070   invg 0.1000 


Log data density [Laplace approximation] is 788.126958.

Estimation::mcmc: Multiple chains mode.
Estimation::mcmc: Old metropolis.log file successfully erased!
Estimation::mcmc: Creation of a new metropolis.log file.
Estimation::mcmc: Searching for initial values...
Estimation::mcmc: Initial values found!

Estimation::mcmc: Write details about the MCMC... Ok!
Estimation::mcmc: Details about the MCMC are available in BRS_growth_KPR_D/metropolis\BRS_growth_KPR_D_mh_history_0.mat


Estimation::mcmc: Number of mh files: 1 per block.
Estimation::mcmc: Total number of generated files: 2.
Estimation::mcmc: Total number of iterations: 100000.
Estimation::mcmc: Current acceptance ratio per chain: 
                                                       Chain  1: 48.345%
                                                       Chain  2: 50.729%
Estimation::mcmc: Total number of MH draws per chain: 100000.
Estimation::mcmc: Total number of generated MH files: 1.
Estimation::mcmc: I'll use mh-files 1 to 1.
Estimation::mcmc: In MH-file number 1 I'll start at line 30001.
Estimation::mcmc: Finally I keep 70000 draws per chain.



MCMC Inefficiency factors per block
Parameter       Block 1     Block 2
SE_e_D          557.948     584.773
ha              731.346     736.819
xi              728.802     723.800
sigma_a         712.861     671.930
Psi_K           743.573     738.855
eta             737.353     727.404
rho_D           158.772     210.099

Estimation::mcmc::diagnostics: Univariate convergence diagnostic, Brooks and Gelman (1998):
    Parameter 1...  Done! 
    Parameter 2...  Done! 
    Parameter 3...  Done! 
    Parameter 4...  Done! 
    Parameter 5...  Done! 
    Parameter 6...  Done! 
    Parameter 7...  Done! 

Estimation::marginal density: I'm computing the posterior mean and covariance...  Done!
Estimation::marginal density: I'm computing the posterior log marginal density (modified harmonic mean)... Done!


ESTIMATION RESULTS

Log data density is 785.790382.

parameters
          prior mean   post. mean        90% HPD interval    prior       pstdev

ha             0.500       0.5001      0.2642      0.7179     beta       0.2000
xi             3.240       3.8196      3.4840      4.2204     gamm       0.5000
sigma_a        1.000       0.7154      0.3305      1.1388     invg       1.0000
Psi_K          4.000       4.2707      2.7805      5.8130     gamm       1.0000
eta            0.200       0.9241      0.7781      1.0819     gamm       0.1500
rho_D          0.600       0.9920      0.9894      0.9948     beta       0.2000

standard deviation of shocks
          prior mean   post. mean        90% HPD interval    prior       pstdev

e_D            0.010       0.0242      0.0200      0.0286     invg       0.1000

MODEL SUMMARY

  Number of variables:         62
  Number of stochastic shocks: 7
  Number of state variables:   23
  Number of jumpers:           12
  Number of static variables:  29


MATRIX OF COVARIANCE OF EXOGENOUS SHOCKS
Variables         e_g       e_Z      e_ZI       e_N       e_D      e_DI       e_C
e_g          0.000000  0.000000  0.000000  0.000000  0.000000  0.000000  0.000000
e_Z          0.000000  0.000000  0.000000  0.000000  0.000000  0.000000  0.000000
e_ZI         0.000000  0.000000  0.000000  0.000000  0.000000  0.000000  0.000000
e_N          0.000000  0.000000  0.000000  0.000000  0.000000  0.000000  0.000000
e_D          0.000000  0.000000  0.000000  0.000000  0.000587  0.000000  0.000000
e_DI         0.000000  0.000000  0.000000  0.000000  0.000000  0.000000  0.000000
e_C          0.000000  0.000000  0.000000  0.000000  0.000000  0.000000  0.000000



THEORETICAL MOMENTS
VARIABLE         MEAN  STD. DEV.   VARIANCE
Y_obs          0.0000     0.0047     0.0000
Y_N_obs        0.0000     0.0062     0.0000
SR_obs         0.0000     0.0056     0.0000
I_obs          0.0000     0.0080     0.0001
p_I_obs        0.0000     0.0004     0.0000
C_obs          0.0000     0.0039     0.0000
NC_obs         0.0000     0.0031     0.0000
NI_obs         0.0000     0.0039     0.0000
util_obs       0.0000     0.0051     0.0000
D_obs          0.0000     0.0137     0.0002
log_Y          0.0000     0.0781     0.0061
log_Y_N        0.0000     0.0743     0.0055
log_SR         0.0000     0.0490     0.0024
log_I          0.0000     0.1114     0.0124
log_p_I        0.0000     0.0006     0.0000
log_C          0.0000     0.0714     0.0051
log_N          0.0000     0.0079     0.0001
log_NC         0.0000     0.0038     0.0000
log_NI         0.0000     0.0459     0.0021
log_util       0.0000     0.0555     0.0031
log_D          0.0000     0.1297     0.0168



VARIANCE DECOMPOSITION (in percent)
               e_g     e_Z    e_ZI     e_N     e_D    e_DI     e_C
Y_obs         0.00    0.00    0.00    0.00  100.00    0.00    0.00
Y_N_obs       0.00    0.00    0.00    0.00  100.00    0.00    0.00
SR_obs        0.00    0.00    0.00    0.00  100.00    0.00    0.00
I_obs         0.00    0.00    0.00    0.00  100.00    0.00    0.00
p_I_obs       0.00    0.00    0.00    0.00  100.00    0.00    0.00
C_obs         0.00    0.00    0.00    0.00  100.00    0.00    0.00
NC_obs        0.00    0.00    0.00    0.00  100.00    0.00    0.00
NI_obs        0.00    0.00    0.00    0.00  100.00    0.00    0.00
util_obs      0.00    0.00    0.00    0.00  100.00    0.00    0.00
D_obs         0.00    0.00    0.00    0.00  100.00    0.00    0.00
log_Y         0.00    0.00    0.00    0.00  100.00    0.00    0.00
log_Y_N       0.00    0.00    0.00    0.00  100.00    0.00    0.00
log_SR        0.00    0.00    0.00    0.00  100.00    0.00    0.00
log_I         0.00    0.00    0.00    0.00  100.00    0.00    0.00
log_p_I       0.00    0.00    0.00    0.00  100.00    0.00    0.00
log_C         0.00    0.00    0.00    0.00  100.00    0.00    0.00
log_N         0.00    0.00    0.00    0.00  100.00    0.00    0.00
log_NC        0.00    0.00    0.00    0.00  100.00    0.00    0.00
log_NI        0.00    0.00    0.00    0.00  100.00    0.00    0.00
log_util      0.00    0.00    0.00    0.00  100.00    0.00    0.00
log_D         0.00    0.00    0.00    0.00  100.00    0.00    0.00



MATRIX OF CORRELATIONS
Variables       Y_obs   Y_N_obs    SR_obs     I_obs   p_I_obs     C_obs    NC_obs    NI_obs  util_obs     D_obs     log_Y   log_Y_N    log_SR     log_I   log_p_I     log_C     log_N    log_NC    log_NI  log_util     log_D
Y_obs          1.0000    0.8959    0.9368    0.9906    0.1847    0.9975   -0.5076    0.5590    0.9763    0.8923    0.0302    0.0581    0.1363    0.0624    0.2741    0.0170   -0.2466   -0.7958    0.0512    0.0982    0.1018
Y_N_obs        0.8959    1.0000    0.9925    0.8431    0.5713    0.9164   -0.8365    0.1429    0.9682    0.9996    0.0119    0.0416    0.0879    0.0294    0.3841    0.0048   -0.2721   -0.7194    0.0038    0.0584    0.0707
SR_obs         0.9368    0.9925    1.0000    0.8956    0.4860    0.9511   -0.7731    0.2493    0.9901    0.9930   -0.0158    0.0183    0.0569   -0.0070    0.4172   -0.0189   -0.3270   -0.7231   -0.0424    0.0274    0.0445
I_obs          0.9906    0.8431    0.8956    1.0000    0.1136    0.9785   -0.4230    0.6524    0.9478    0.8400    0.0077    0.0363    0.1129    0.0361    0.2728   -0.0036   -0.2645   -0.7638    0.0251    0.0747    0.0790
p_I_obs        0.1847    0.5713    0.4860    0.1136    1.0000    0.2198   -0.8952   -0.5809    0.3705    0.5754   -0.0159   -0.0047   -0.0223   -0.0240    0.3060   -0.0124   -0.1128   -0.1611   -0.0440   -0.0229   -0.0102
C_obs          0.9975    0.9164    0.9511    0.9785    0.2198    1.0000   -0.5472    0.5071    0.9838    0.9126    0.0416    0.0689    0.1474    0.0754    0.2728    0.0275   -0.2357   -0.8063    0.0642    0.1095    0.1128
NC_obs        -0.5076   -0.8365   -0.7731   -0.4230   -0.8952   -0.5472    1.0000    0.3962   -0.6774   -0.8406    0.0290    0.0047    0.0141    0.0379   -0.4255    0.0249    0.2419    0.4029    0.0753    0.0241    0.0034
NI_obs         0.5590    0.1429    0.2493    0.6524   -0.5809    0.5071    0.3962    1.0000    0.3791    0.1377   -0.0024    0.0082    0.0849    0.0259   -0.0405   -0.0134   -0.1007   -0.3905    0.0427    0.0560    0.0461
util_obs       0.9763    0.9682    0.9901    0.9478    0.3705    0.9838   -0.6774    0.3791    1.0000    0.9674   -0.0054    0.0277    0.0789    0.0098    0.3786   -0.0113   -0.3133   -0.7564   -0.0196    0.0460    0.0596
D_obs          0.8923    0.9996    0.9930    0.8400    0.5754    0.9126   -0.8406    0.1377    0.9674    1.0000   -0.0045    0.0273    0.0650    0.0065    0.4113   -0.0086   -0.2998   -0.7030   -0.0256    0.0370    0.0527
log_Y          0.0302    0.0119   -0.0158    0.0077   -0.0159    0.0416    0.0290   -0.0024   -0.0054   -0.0045    1.0000    0.9958    0.9532    0.9571   -0.5889    0.9936    0.5143   -0.5990    0.6437    0.9743    0.9956
log_Y_N        0.0581    0.0416    0.0183    0.0363   -0.0047    0.0689    0.0047    0.0082    0.0277    0.0273    0.9958    1.0000    0.9276    0.9290   -0.5151    0.9988    0.4336   -0.6030    0.5753    0.9534    0.9882
log_SR         0.1363    0.0879    0.0569    0.1129   -0.0223    0.1474    0.0141    0.0849    0.0789    0.0650    0.9532    0.9276    1.0000    0.9969   -0.7365    0.9142    0.6923   -0.7030    0.8323    0.9967    0.9737
log_I          0.0624    0.0294   -0.0070    0.0361   -0.0240    0.0754    0.0379    0.0259    0.0098    0.0065    0.9571    0.9290    0.9969    1.0000   -0.7608    0.9183    0.7182   -0.6504    0.8372    0.9963    0.9725
log_p_I        0.2741    0.3841    0.4172    0.2728    0.3060    0.2728   -0.4255   -0.0405    0.3786    0.4113   -0.5889   -0.5151   -0.7365   -0.7608    1.0000   -0.5083   -0.9710    0.2417   -0.9199   -0.7105   -0.6097
log_C          0.0170    0.0048   -0.0189   -0.0036   -0.0124    0.0275    0.0249   -0.0134   -0.0113   -0.0086    0.9936    0.9988    0.9142    0.9183   -0.5083    1.0000    0.4229   -0.5651    0.5535    0.9432    0.9816
log_N         -0.2466   -0.2721   -0.3270   -0.2645   -0.1128   -0.2357    0.2419   -0.1007   -0.3133   -0.2998    0.5143    0.4336    0.6923    0.7182   -0.9710    0.4229    1.0000   -0.2469    0.9467    0.6580    0.5421
log_NC        -0.7958   -0.7194   -0.7231   -0.7638   -0.1611   -0.8063    0.4029   -0.3905   -0.7564   -0.7030   -0.5990   -0.6030   -0.7030   -0.6504    0.2417   -0.5651   -0.2469    1.0000   -0.5458   -0.6739   -0.6621
log_NI         0.0512    0.0038   -0.0424    0.0251   -0.0440    0.0642    0.0753    0.0427   -0.0196   -0.0256    0.6437    0.5753    0.8323    0.8372   -0.9199    0.5535    0.9467   -0.5458    1.0000    0.7929    0.6888
log_util       0.0982    0.0584    0.0274    0.0747   -0.0229    0.1095    0.0241    0.0560    0.0460    0.0370    0.9743    0.9534    0.9967    0.9963   -0.7105    0.9432    0.6580   -0.6739    0.7929    1.0000    0.9878
log_D          0.1018    0.0707    0.0445    0.0790   -0.0102    0.1128    0.0034    0.0461    0.0596    0.0527    0.9956    0.9882    0.9737    0.9725   -0.6097    0.9816    0.5421   -0.6621    0.6888    0.9878    1.0000



COEFFICIENTS OF AUTOCORRELATION
Order             1        2        3        4        5
Y_obs        0.5186   0.2770   0.1516   0.0849   0.0483
Y_N_obs      0.0749   0.0401   0.0221   0.0127   0.0076
SR_obs       0.1823   0.0937   0.0476   0.0231   0.0097
I_obs        0.6056   0.3764   0.2390   0.1533   0.0978
p_I_obs     -0.4522  -0.0018  -0.0015  -0.0012  -0.0011
C_obs        0.4761   0.2290   0.1099   0.0527   0.0255
NC_obs      -0.2711  -0.1206  -0.0567  -0.0262  -0.0117
NI_obs       0.7023   0.4547   0.2967   0.1939   0.1249
util_obs     0.3206   0.1666   0.0873   0.0452   0.0221
D_obs        0.0699   0.0362   0.0179   0.0082   0.0031
log_Y        0.9982   0.9944   0.9897   0.9844   0.9788
log_Y_N      0.9965   0.9926   0.9883   0.9839   0.9794
log_SR       0.9935   0.9847   0.9746   0.9640   0.9530
log_I        0.9974   0.9916   0.9839   0.9749   0.9651
log_p_I      0.8127   0.7948   0.7776   0.7610   0.7448
log_C        0.9985   0.9955   0.9919   0.9879   0.9838
log_N        0.9351   0.8934   0.8635   0.8397   0.8189
log_NC       0.6754   0.5268   0.4564   0.4229   0.4064
log_NI       0.9963   0.9876   0.9755   0.9612   0.9455
log_util     0.9958   0.9888   0.9804   0.9713   0.9618
log_D        0.9944   0.9881   0.9814   0.9745   0.9674
Total computing time : 0h09m20s
