Starting Dynare (version 5.4).
Calling Dynare with arguments: none
Starting preprocessing of the model file ...
WARNING: in the 'steady_state_model' block, variable 'Y_N_obs' is not assigned a value
Found 36 equation(s).
Evaluating expressions...done
Computing static model derivatives (order 1).
Computing dynamic model derivatives (order 1).
Processing outputs ...
done
Preprocessing completed.





Residuals of the static equations:

Equation number 1 : 0 : Labor leisure
Equation number 2 : 0 : Shopping:C
Equation number 3 : 0 : Shopping:I
Equation number 4 : 0 : Composite utility term
Equation number 5 : 0 : Euler equation: C
Equation number 6 : 0 : Euler equation: I
Equation number 7 : 0 : Consumption production
Equation number 8 : 0 : Investment production
Equation number 9 : 0 : Capital law of motion
Equation number 10 : 0 : Labor demand:C
Equation number 11 : 0 : Capital demand:C
Equation number 12 : 0 : Labor demand:I
Equation number 13 : 0 : Capital demand:I
Equation number 14 : 0 : Labor composition
Equation number 15 : 0 : Capital composition
Equation number 16 : 0 : Shopping composition
Equation number 17 : 0 : Output (base-year prices)
Equation number 18 : 0 : stochastic trend process process
Equation number 19 : 0 : Stationary TFP process
Equation number 20 : 0 : Independent component of I-specific tech
Equation number 21 : 0 : Investment-specific TFP process
Equation number 22 : 0 : Labor supply process
Equation number 23 : 0 : Shopping effort process
Equation number 24 : 0 : Definition log output
Equation number 25 : 0 : Definition log consumption
Equation number 26 : 0 : Definition log investment
Equation number 27 : 0 : Definition log hours
Equation number 28 : 0 : Definition log labor productivity
Equation number 29 : 0 : Definition log shopping effort
Equation number 30 : 0 : Definition of log relative investment  price
Equation number 31 : 0 : C_obs
Equation number 32 : 0 : I_obs
Equation number 33 : 0 : Y_obs
Equation number 34 : 0 : Y_N_obs
Equation number 35 : 0 : p_I_obs
Equation number 36 : 0 : N_obs



STEADY-STATE RESULTS:

Y       		 1
C       		 0.8
I       		 0.2
K       		 11.0497
K_C     		 8.83978
K_I     		 2.20994
N       		 0.3
N_C     		 0.24
N_I     		 0.06
Z_C     		 0
u_ZI    		 0
Z_I     		 0
theta_N 		 0
theta_D 		 0
R_C     		 0.0348181
R_I     		 0.0348181
W       		 2.23333
D       		 0.82902
D_C     		 0.663216
D_I     		 0.165804
Gam     		 0.745895
p_I     		 1
g       		 0.00451
log_Y   		 0
log_C   		 0
log_I   		 0
log_N   		 0
log_Y_N 		 0
log_D   		 0
log_p_I 		 0
C_obs   		 0
I_obs   		 0
Y_obs   		 0
Y_N_obs 		 0
p_I_obs 		 0
N_obs   		 0

EIGENVALUES:
         Modulus             Real        Imaginary

               0                0                0
               0                0                0
       1.079e-18       -1.079e-18                0
       7.141e-18       -7.141e-18                0
       5.785e-17       -5.785e-17                0
        1.21e-16         1.21e-16                0
        1.88e-15        -1.88e-15                0
             0.1              0.1                0
             0.9              0.9                0
             0.9              0.9                0
             0.9              0.9                0
             0.9              0.9                0
          0.9672           0.9672                0
           1.039            1.039                0
       1.672e+16        1.672e+16                0
       1.891e+17        1.891e+17                0
       8.461e+17       -8.461e+17                0
       9.599e+17       -9.599e+17                0


There are 5 eigenvalue(s) larger than 1 in modulus 
for 5 forward-looking variable(s)

The rank condition is verified.


Initial value of the log posterior (or likelihood): 2670.9202

Number of parameters= 11, initial temperatur= 15.000 
rt=  0.100; TolFun=  0.000; ns=  10.000;
nt=  10.000; neps=  10.000; MaxIter=  200
Initial step length(vm): 1.000; step_length_c: 0.100
Name:                 LB;       Start;    UB;   
e_g                   0.0000;   0.0068;  0.2000;
e_ZI                  0.0001;   0.0098;  0.2000;
e_Z                   0.0000;   0.0082;  0.2000;
e_N                   0.0001;   0.0311;  0.2000;
e_D                   0.0001;   0.2177;  0.4000;
eta                   0.0000;   0.1875;  10.0000;
rho_g                 0.0001;   0.1001;  0.9000;
rho_Z                 0.0100;   0.9999;  1.0000;
rho_ZI                0.0100;   0.4557;  1.0000;
rho_N                 0.0100;   0.9996;  1.0000;
rho_D                 0.0100;   0.9382;  0.9999;
Too many function evaluations; consider
increasing optim.MaxIter or optim.TolFun or decreasing
optim.nt or optim.rt. These results are likely to be poor

Final value of minus the log posterior (or likelihood):-2670.920214 

POSTERIOR KERNEL OPTIMIZATION PROBLEM!
 (minus) the hessian matrix at the "mode" is not positive definite!
=> posterior variance of the estimated parameters are not positive.
You should try to change the initial values of the parameters using
the estimated_params_init block, or use another optimization routine.
[Warning: The results below are most likely wrong!] 
[> In <a href="matlab:matlab.internal.language.introspective.errorDocCallback('dynare_estimation_1', 'C:\dynare\5.4\matlab\dynare_estimation_1.m', 318)" style="font-weight:bold">dynare_estimation_1</a> (<a href="matlab: opentoline('C:\dynare\5.4\matlab\dynare_estimation_1.m',318,0)">line 318</a>)
In <a href="matlab:matlab.internal.language.introspective.errorDocCallback('dynare_estimation', 'C:\dynare\5.4\matlab\dynare_estimation.m', 118)" style="font-weight:bold">dynare_estimation</a> (<a href="matlab: opentoline('C:\dynare\5.4\matlab\dynare_estimation.m',118,0)">line 118</a>)
In <a href="matlab:matlab.internal.language.introspective.errorDocCallback('BRS_growth_sep.driver', 'C:\Users\msilva913\Documents\GitHub\Shopping-effort-variable-capital-utilization-and-Solow-residual\Programs\Estimation BRS\+BRS_growth_sep\driver.m', 484)" style="font-weight:bold">BRS_growth_sep.driver</a> (<a href="matlab: opentoline('C:\Users\msilva913\Documents\GitHub\Shopping-effort-variable-capital-utilization-and-Solow-residual\Programs\Estimation BRS\+BRS_growth_sep\driver.m',484,0)">line 484</a>)
In <a href="matlab:matlab.internal.language.introspective.errorDocCallback('dynare', 'C:\dynare\5.4\matlab\dynare.m', 278)" style="font-weight:bold">dynare</a> (<a href="matlab: opentoline('C:\dynare\5.4\matlab\dynare.m',278,0)">line 278</a>)] 

MODE CHECK

Fval obtained by the minimization routine (minus the posterior/likelihood)): -2670.920214
[Warning: Matrix is singular, close to singular or badly scaled. Results may be inaccurate. RCOND = NaN.] 
[> In <a href="matlab:matlab.internal.language.introspective.errorDocCallback('dynare_estimation_1', 'C:\dynare\5.4\matlab\dynare_estimation_1.m', 341)" style="font-weight:bold">dynare_estimation_1</a> (<a href="matlab: opentoline('C:\dynare\5.4\matlab\dynare_estimation_1.m',341,0)">line 341</a>)
In <a href="matlab:matlab.internal.language.introspective.errorDocCallback('dynare_estimation', 'C:\dynare\5.4\matlab\dynare_estimation.m', 118)" style="font-weight:bold">dynare_estimation</a> (<a href="matlab: opentoline('C:\dynare\5.4\matlab\dynare_estimation.m',118,0)">line 118</a>)
In <a href="matlab:matlab.internal.language.introspective.errorDocCallback('BRS_growth_sep.driver', 'C:\Users\msilva913\Documents\GitHub\Shopping-effort-variable-capital-utilization-and-Solow-residual\Programs\Estimation BRS\+BRS_growth_sep\driver.m', 484)" style="font-weight:bold">BRS_growth_sep.driver</a> (<a href="matlab: opentoline('C:\Users\msilva913\Documents\GitHub\Shopping-effort-variable-capital-utilization-and-Solow-residual\Programs\Estimation BRS\+BRS_growth_sep\driver.m',484,0)">line 484</a>)
In <a href="matlab:matlab.internal.language.introspective.errorDocCallback('dynare', 'C:\dynare\5.4\matlab\dynare.m', 278)" style="font-weight:bold">dynare</a> (<a href="matlab: opentoline('C:\dynare\5.4\matlab\dynare.m',278,0)">line 278</a>)
] 

RESULTS FROM POSTERIOR ESTIMATION
parameters
       prior mean     mode    s.d.  prior pstdev

eta        0.2000   0.1875     NaN   gamm 0.1500 
rho_g      0.1000   0.1001     NaN   beta 0.0500 
rho_Z      0.6000   0.9999     NaN   beta 0.2000 
rho_ZI     0.6000   0.4557     NaN   beta 0.2000 
rho_N      0.6000   0.9996     NaN   beta 0.2000 
rho_D      0.6000   0.9382     NaN   beta 0.2000 

standard deviation of shocks
       prior mean     mode    s.d.  prior pstdev

e_g        0.0100   0.0068     NaN   invg 0.1000 
e_ZI       0.0100   0.0098     NaN   invg 0.1000 
e_Z        0.0100   0.0082     NaN   invg 0.1000 
e_N        0.0100   0.0311     NaN   invg 0.1000 
e_D        0.0100   0.2177     NaN   invg 0.1000 


Log data density [Laplace approximation] is NaN.

Estimation::mcmc: Multiple chains mode.
Estimation::mcmc: Searching for initial values...
Estimation::mcmc: Initial values found!

Estimation::mcmc: Write details about the MCMC... Ok!
Estimation::mcmc: Details about the MCMC are available in BRS_growth_sep/metropolis\BRS_growth_sep_mh_history_0.mat


Estimation::mcmc: Number of mh files: 1 per block.
Estimation::mcmc: Total number of generated files: 2.
Estimation::mcmc: Total number of iterations: 100000.
Estimation::mcmc: Current acceptance ratio per chain: 
                                                       Chain  1: 23.453%
                                                       Chain  2: 24.906%
Estimation::mcmc: Total number of MH draws per chain: 100000.
Estimation::mcmc: Total number of generated MH files: 1.
Estimation::mcmc: I'll use mh-files 1 to 1.
Estimation::mcmc: In MH-file number 1 I'll start at line 30001.
Estimation::mcmc: Finally I keep 70000 draws per chain.



MCMC Inefficiency factors per block
Parameter       Block 1     Block 2
SE_e_g          323.717     325.565
SE_e_ZI         191.595     170.922
SE_e_Z          216.333     243.932
SE_e_N          449.554     469.102
SE_e_D          725.290     727.698
eta             715.476     708.416
rho_g           706.348     727.863
rho_Z            19.074      21.735
rho_ZI          725.798     736.573
rho_N            55.016      61.700
rho_D           688.467     670.732

Estimation::mcmc::diagnostics: Univariate convergence diagnostic, Brooks and Gelman (1998):
    Parameter 1...  Done! 
    Parameter 2...  Done! 
    Parameter 3...  Done! 
    Parameter 4...  Done! 
    Parameter 5...  Done! 
    Parameter 6...  Done! 
    Parameter 7...  Done! 
    Parameter 8...  Done! 
    Parameter 9...  Done! 
    Parameter 10...  Done! 
    Parameter 11...  Done! 

Estimation::marginal density: I'm computing the posterior mean and covariance...  Done!
Estimation::marginal density: I'm computing the posterior log marginal density (modified harmonic mean)... Done!


ESTIMATION RESULTS

Log data density is 2612.403918.

parameters
         prior mean   post. mean        90% HPD interval    prior       pstdev

eta           0.200       0.1926      0.1463      0.2399     gamm       0.1500
rho_g         0.100       0.0744      0.0434      0.1051     beta       0.0500
rho_Z         0.600       0.9998      0.9996      1.0000     beta       0.2000
rho_ZI        0.600       0.4589      0.4287      0.4853     beta       0.2000
rho_N         0.600       0.9993      0.9986      1.0000     beta       0.2000
rho_D         0.600       0.9388      0.9279      0.9484     beta       0.2000

standard deviation of shocks
         prior mean   post. mean        90% HPD interval    prior       pstdev

e_g           0.010       0.0072      0.0057      0.0088     invg       0.1000
e_ZI          0.010       0.0099      0.0090      0.0107     invg       0.1000
e_Z           0.010       0.0083      0.0074      0.0091     invg       0.1000
e_N           0.010       0.0309      0.0286      0.0330     invg       0.1000
e_D           0.010       0.2264      0.1780      0.2760     invg       0.1000

MODEL SUMMARY

  Number of variables:         36
  Number of stochastic shocks: 5
  Number of state variables:   13
  Number of jumpers:           5
  Number of static variables:  19


MATRIX OF COVARIANCE OF EXOGENOUS SHOCKS
Variables         e_g       e_Z      e_ZI       e_N       e_D
e_g          0.000053  0.000000  0.000000  0.000000  0.000000
e_Z          0.000000  0.000068  0.000000  0.000000  0.000000
e_ZI         0.000000  0.000000  0.000097  0.000000  0.000000
e_N          0.000000  0.000000  0.000000  0.000954  0.000000
e_D          0.000000  0.000000  0.000000  0.000000  0.051237



THEORETICAL MOMENTS
VARIABLE         MEAN  STD. DEV.   VARIANCE
Y_obs          0.0000     0.0194     0.0004
Y_N_obs        0.0000     0.0182     0.0003
I_obs          0.0000     0.0530     0.0028
p_I_obs        0.0000     0.0098     0.0001
C_obs          0.0000     0.0175     0.0003
N_obs          0.0000     0.0136     0.0002
log_Y          0.0000     0.8965     0.8037
log_Y_N        0.0000     0.9536     0.9093
log_I          0.0000     1.0817     1.1700
log_p_I        0.0000     0.3908     0.1527
log_C          0.0000     0.8531     0.7277
log_N          0.0000     0.3313     0.1098



VARIANCE DECOMPOSITION (in percent)
              e_g     e_Z    e_ZI     e_N     e_D
Y_obs        8.31   26.91    4.27   10.22   50.29
Y_N_obs      7.63   37.30    0.76   13.70   40.61
I_obs        3.61   12.18   39.50    3.09   41.62
p_I_obs      2.17   10.73   20.84    1.83   64.43
C_obs        7.85   39.71    4.31   10.29   37.84
N_obs        0.29    1.82    3.78   90.16    3.95
log_Y        0.01   94.68    0.00    5.04    0.28
log_Y_N      0.01   98.16    0.00    1.64    0.19
log_I        0.05   95.90    0.13    2.74    1.18
log_p_I      0.00   99.94    0.02    0.00    0.04
log_C        0.03   93.90    0.00    5.91    0.16
log_N        0.01    4.85    0.01   95.06    0.07

CONDITIONAL VARIANCE DECOMPOSITION (in percent)
Period 1:
              e_g     e_Z    e_ZI     e_N     e_D
Y_obs        8.45   26.80    3.49   10.53   50.73
Y_N_obs      7.72   37.67    0.49   13.91   40.21
I_obs        3.78    2.14   46.47    4.10   43.52
p_I_obs      2.44    3.99   24.16    1.94   67.47
C_obs        8.48   41.95    2.98   11.19   35.40
N_obs        0.16    0.80    2.97   93.48    2.59
log_Y        0.87   29.02    3.78   11.41   54.93
log_Y_N      1.65   40.15    0.52   14.83   42.85
log_I        0.07    2.22   48.26    4.25   45.20
log_p_I      2.44    3.99   24.16    1.94   67.47
log_C        2.25   44.81    3.18   11.96   37.81
log_N        0.16    0.80    2.97   93.48    2.59
Period 4:
              e_g     e_Z    e_ZI     e_N     e_D
Y_obs        8.39   27.10    4.30   10.32   49.88
Y_N_obs      7.65   37.35    0.76   13.78   40.46
I_obs        3.70   12.34   40.35    3.16   40.45
p_I_obs      2.18   10.60   20.69    1.84   64.69
C_obs        7.84   39.59    4.27   10.32   37.97
N_obs        0.28    1.78    3.76   90.51    3.68
log_Y        0.72   38.03    1.33   11.36   48.56
log_Y_N      2.12   45.88    0.17   15.83   36.00
log_I        1.04   22.97   14.15    4.66   57.18
log_p_I      1.16   48.75   20.88    0.84   28.36
log_C        6.06   46.69    2.75   15.68   28.83
log_N        0.43    0.36    1.25   93.05    4.90
Period 8:
              e_g     e_Z    e_ZI     e_N     e_D
Y_obs        8.36   27.04    4.30   10.28   50.01
Y_N_obs      7.65   37.33    0.76   13.76   40.50
I_obs        3.65   12.23   40.08    3.12   40.91
p_I_obs      2.17   10.72   20.86    1.83   64.43
C_obs        7.85   39.58    4.33   10.32   37.92
N_obs        0.28    1.78    3.79   90.34    3.81
log_Y        0.64   44.72    0.70   11.93   42.01
log_Y_N      2.00   50.50    0.12   15.62   31.76
log_I        1.13   36.17    7.50    4.98   50.22
log_p_I      0.71   73.66   10.14    0.48   15.02
log_C        6.50   46.64    1.59   18.18   27.09
log_N        0.44    0.42    0.64   94.56    3.94
Period 40:
              e_g     e_Z    e_ZI     e_N     e_D
Y_obs        8.31   26.91    4.28   10.22   50.28
Y_N_obs      7.63   37.30    0.76   13.71   40.60
I_obs        3.61   12.16   39.51    3.09   41.62
p_I_obs      2.17   10.73   20.84    1.83   64.44
C_obs        7.85   39.71    4.31   10.30   37.83
N_obs        0.28    1.82    3.78   90.17    3.95
log_Y        0.32   67.05    0.16   15.06   17.41
log_Y_N      0.92   73.09    0.04   12.01   13.94
log_I        1.04   63.70    2.80    6.85   25.61
log_p_I      0.20   95.09    1.79    0.11    2.81
log_C        2.52   63.40    0.30   20.42   13.36
log_N        0.24    0.18    0.15   98.36    1.08



MATRIX OF CORRELATIONS
Variables      Y_obs  Y_N_obs    I_obs  p_I_obs    C_obs    N_obs    log_Y  log_Y_N    log_I  log_p_I    log_C    log_N
Y_obs         1.0000   0.7394   0.7112   0.3317   0.8463   0.4359   0.0092   0.0044   0.0182   0.0125   0.0064   0.0123
Y_N_obs       0.7394   1.0000   0.4284   0.3091   0.6995  -0.2836   0.0076   0.0079   0.0123   0.0096   0.0061  -0.0022
I_obs         0.7112   0.4284   1.0000  -0.1631   0.2273   0.4402   0.0062   0.0023   0.0240   0.0087   0.0006   0.0102
p_I_obs       0.3317   0.3091  -0.1631   1.0000   0.5832   0.0593  -0.0036  -0.0013  -0.0249   0.0125   0.0032  -0.0059
C_obs         0.8463   0.6995   0.2273   0.5832   1.0000   0.2702   0.0080   0.0043   0.0070   0.0108   0.0084   0.0094
N_obs         0.4359  -0.2836   0.4402   0.0593   0.2702   1.0000   0.0029  -0.0044   0.0095   0.0051   0.0009   0.0205
log_Y         0.0092   0.0076   0.0062  -0.0036   0.0080   0.0029   1.0000   0.9377   0.9920  -0.9728   0.9992   0.0070
log_Y_N       0.0044   0.0079   0.0023  -0.0013   0.0043  -0.0044   0.9377   1.0000   0.9491  -0.9895   0.9310  -0.3408
log_I         0.0182   0.0123   0.0240  -0.0249   0.0070   0.0095   0.9920   0.9491   1.0000  -0.9759   0.9861  -0.0475
log_p_I       0.0125   0.0096   0.0087   0.0125   0.0108   0.0051  -0.9728  -0.9895  -0.9759   1.0000  -0.9686   0.2156
log_C         0.0064   0.0061   0.0006   0.0032   0.0084   0.0009   0.9992   0.9310   0.9861  -0.9686   1.0000   0.0243
log_N         0.0123  -0.0022   0.0102  -0.0059   0.0094   0.0205   0.0070  -0.3408  -0.0475   0.2156   0.0243   1.0000



COEFFICIENTS OF AUTOCORRELATION
Order            1        2        3        4        5
Y_obs       0.0607   0.0079   0.0007  -0.0022  -0.0033
Y_N_obs    -0.0259   0.0040   0.0045   0.0048   0.0048
I_obs       0.2915  -0.0890  -0.0572  -0.0416  -0.0335
p_I_obs    -0.2006  -0.0257  -0.0113  -0.0047  -0.0017
C_obs      -0.1961  -0.0425  -0.0105   0.0038   0.0100
N_obs       0.0360  -0.0175  -0.0105  -0.0072  -0.0055
log_Y       0.9998   0.9995   0.9993   0.9991   0.9988
log_Y_N     0.9998   0.9997   0.9995   0.9993   0.9992
log_I       0.9988   0.9970   0.9954   0.9939   0.9925
log_p_I     0.9997   0.9995   0.9993   0.9992   0.9990
log_C       0.9998   0.9997   0.9996   0.9995   0.9994
log_N       0.9992   0.9983   0.9974   0.9965   0.9957
Total computing time : 0h10m19s
Note: 1 warning(s) encountered in the preprocessor
Note: warning(s) encountered in MATLAB/Octave code
