Starting Dynare (version 5.4).
Calling Dynare with arguments: none
Starting preprocessing of the model file ...
WARNING: in the 'steady_state_model' block, variable 'Y_N_obs' is not assigned a value
Found 36 equation(s).
Evaluating expressions...done
Computing static model derivatives (order 1).
Computing dynamic model derivatives (order 1).
Processing outputs ...
done
Preprocessing completed.





Residuals of the static equations:

Equation number 1 : 0 : Labor leisure
Equation number 2 : 0 : Shopping:C
Equation number 3 : 0 : Shopping:I
Equation number 4 : 0 : Composite utility term
Equation number 5 : 0 : Euler equation: C
Equation number 6 : 0 : Euler equation: I
Equation number 7 : 0 : Consumption production
Equation number 8 : 0 : Investment production
Equation number 9 : 0 : Capital law of motion
Equation number 10 : 0 : Labor demand:C
Equation number 11 : 0 : Capital demand:C
Equation number 12 : 0 : Labor demand:I
Equation number 13 : 0 : Capital demand:I
Equation number 14 : 0 : Labor composition
Equation number 15 : 0 : Capital composition
Equation number 16 : 0 : Shopping composition
Equation number 17 : 0 : Output (base-year prices)
Equation number 18 : 0 : stochastic trend process process
Equation number 19 : 0 : Stationary TFP process
Equation number 20 : 0 : Independent component of I-specific tech
Equation number 21 : 0 : Investment-specific TFP process
Equation number 22 : 0 : Labor supply process
Equation number 23 : 0 : Shopping effort process
Equation number 24 : 0 : Definition log output
Equation number 25 : 0 : Definition log consumption
Equation number 26 : 0 : Definition log investment
Equation number 27 : 0 : Definition log hours
Equation number 28 : 0 : Definition log labor productivity
Equation number 29 : 0 : Definition log shopping effort
Equation number 30 : 0 : Definition of log relative investment  price
Equation number 31 : 0 : C_obs
Equation number 32 : 0 : I_obs
Equation number 33 : 0 : Y_obs
Equation number 34 : 0 : Y_N_obs
Equation number 35 : 0 : p_I_obs
Equation number 36 : 0 : N_obs



STEADY-STATE RESULTS:

Y       		 1
C       		 0.8
I       		 0.2
K       		 11.0497
K_C     		 8.83978
K_I     		 2.20994
N       		 0.3
N_C     		 0.24
N_I     		 0.06
Z_C     		 0
u_ZI    		 0
Z_I     		 0
theta_N 		 0
theta_D 		 0
R_C     		 0.0348181
R_I     		 0.0348181
W       		 2.23333
D       		 0.82902
D_C     		 0.663216
D_I     		 0.165804
Gam     		 0.556477
p_I     		 1
g       		 0.00451
log_Y   		 0
log_C   		 0
log_I   		 0
log_N   		 0
log_Y_N 		 0
log_D   		 0
log_p_I 		 0
C_obs   		 0
I_obs   		 0
Y_obs   		 0
Y_N_obs 		 0
p_I_obs 		 0
N_obs   		 0

EIGENVALUES:
         Modulus             Real        Imaginary

               0                0                0
               0                0                0
       3.288e-18       -3.288e-18                0
       5.789e-17       -5.789e-17                0
       1.528e-16       -1.528e-16                0
       8.475e-16        8.475e-16                0
       9.831e-16        9.831e-16                0
             0.1              0.1                0
             0.9              0.9                0
             0.9              0.9                0
             0.9              0.9                0
             0.9              0.9                0
          0.9824           0.9824                0
           1.023            1.023                0
       9.157e+15       -9.157e+15                0
       3.575e+17       -3.575e+17                0
       4.858e+17       -4.858e+17                0
       3.175e+18       -3.175e+18                0


There are 5 eigenvalue(s) larger than 1 in modulus 
for 5 forward-looking variable(s)

The rank condition is verified.


Initial value of the log posterior (or likelihood): 2820.2808

POSTERIOR KERNEL OPTIMIZATION PROBLEM!
 (minus) the hessian matrix at the "mode" is not positive definite!
=> posterior variance of the estimated parameters are not positive.
You should try to change the initial values of the parameters using
the estimated_params_init block, or use another optimization routine.
[Warning: The results below are most likely wrong!] 
[> In <a href="matlab:matlab.internal.language.introspective.errorDocCallback('dynare_estimation_1', 'C:\dynare\5.4\matlab\dynare_estimation_1.m', 318)" style="font-weight:bold">dynare_estimation_1</a> (<a href="matlab: opentoline('C:\dynare\5.4\matlab\dynare_estimation_1.m',318,0)">line 318</a>)
In <a href="matlab:matlab.internal.language.introspective.errorDocCallback('dynare_estimation', 'C:\dynare\5.4\matlab\dynare_estimation.m', 118)" style="font-weight:bold">dynare_estimation</a> (<a href="matlab: opentoline('C:\dynare\5.4\matlab\dynare_estimation.m',118,0)">line 118</a>)
In <a href="matlab:matlab.internal.language.introspective.errorDocCallback('BRS_growth_res.driver', 'C:\Users\msilva913\Documents\GitHub\Shopping-effort-variable-capital-utilization-and-Solow-residual\Programs\Estimation BRS\+BRS_growth_res\driver.m', 485)" style="font-weight:bold">BRS_growth_res.driver</a> (<a href="matlab: opentoline('C:\Users\msilva913\Documents\GitHub\Shopping-effort-variable-capital-utilization-and-Solow-residual\Programs\Estimation BRS\+BRS_growth_res\driver.m',485,0)">line 485</a>)
In <a href="matlab:matlab.internal.language.introspective.errorDocCallback('dynare', 'C:\dynare\5.4\matlab\dynare.m', 278)" style="font-weight:bold">dynare</a> (<a href="matlab: opentoline('C:\dynare\5.4\matlab\dynare.m',278,0)">line 278</a>)] 

MODE CHECK

Fval obtained by the minimization routine (minus the posterior/likelihood)): -2820.280756
[Warning: Matrix is singular, close to singular or badly scaled. Results may be inaccurate. RCOND = NaN.] 
[> In <a href="matlab:matlab.internal.language.introspective.errorDocCallback('dynare_estimation_1', 'C:\dynare\5.4\matlab\dynare_estimation_1.m', 341)" style="font-weight:bold">dynare_estimation_1</a> (<a href="matlab: opentoline('C:\dynare\5.4\matlab\dynare_estimation_1.m',341,0)">line 341</a>)
In <a href="matlab:matlab.internal.language.introspective.errorDocCallback('dynare_estimation', 'C:\dynare\5.4\matlab\dynare_estimation.m', 118)" style="font-weight:bold">dynare_estimation</a> (<a href="matlab: opentoline('C:\dynare\5.4\matlab\dynare_estimation.m',118,0)">line 118</a>)
In <a href="matlab:matlab.internal.language.introspective.errorDocCallback('BRS_growth_res.driver', 'C:\Users\msilva913\Documents\GitHub\Shopping-effort-variable-capital-utilization-and-Solow-residual\Programs\Estimation BRS\+BRS_growth_res\driver.m', 485)" style="font-weight:bold">BRS_growth_res.driver</a> (<a href="matlab: opentoline('C:\Users\msilva913\Documents\GitHub\Shopping-effort-variable-capital-utilization-and-Solow-residual\Programs\Estimation BRS\+BRS_growth_res\driver.m',485,0)">line 485</a>)
In <a href="matlab:matlab.internal.language.introspective.errorDocCallback('dynare', 'C:\dynare\5.4\matlab\dynare.m', 278)" style="font-weight:bold">dynare</a> (<a href="matlab: opentoline('C:\dynare\5.4\matlab\dynare.m',278,0)">line 278</a>)
] 

RESULTS FROM POSTERIOR ESTIMATION
parameters
       prior mean     mode    s.d.  prior pstdev

gam        1.5000   2.1036     NaN   beta 0.2500 
eta        0.2000   0.1044     NaN   gamm 0.1500 
rho_g      0.1000   0.0862     NaN   beta 0.0500 
rho_Z      0.6000   0.9998     NaN   beta 0.2000 
rho_ZI     0.6000   0.6361     NaN   beta 0.2000 
rho_N      0.6000   0.9994     NaN   beta 0.2000 
rho_D      0.6000   0.9324     NaN   beta 0.2000 

standard deviation of shocks
       prior mean     mode    s.d.  prior pstdev

e_g        0.0100   0.0047     NaN   invg 0.1000 
e_ZI       0.0100   0.0093     NaN   invg 0.1000 
e_Z        0.0100   0.0042     NaN   invg 0.1000 
e_N        0.0100   0.0225     NaN   invg 0.1000 
e_D        0.0100   0.2777     NaN   invg 0.1000 


Log data density [Laplace approximation] is NaN.


MODEL SUMMARY

  Number of variables:         36
  Number of stochastic shocks: 5
  Number of state variables:   13
  Number of jumpers:           5
  Number of static variables:  19


MATRIX OF COVARIANCE OF EXOGENOUS SHOCKS
Variables         e_g       e_Z      e_ZI       e_N       e_D
e_g          0.000022  0.000000  0.000000  0.000000  0.000000
e_Z          0.000000  0.000017  0.000000  0.000000  0.000000
e_ZI         0.000000  0.000000  0.000086  0.000000  0.000000
e_N          0.000000  0.000000  0.000000  0.000504  0.000000
e_D          0.000000  0.000000  0.000000  0.000000  0.077140



THEORETICAL MOMENTS
VARIABLE         MEAN  STD. DEV.   VARIANCE
Y_obs          0.0000     0.0142     0.0002
Y_N_obs        0.0000     0.0103     0.0001
I_obs          0.0000     0.0347     0.0012
p_I_obs        0.0000     0.0112     0.0001
C_obs          0.0000     0.0122     0.0001
N_obs          0.0000     0.0125     0.0002
log_Y          0.0000     0.7506     0.5634
log_Y_N        0.0000     0.5189     0.2692
log_I          0.0000     0.9693     0.9395
log_p_I        0.0000     0.4188     0.1754
log_C          0.0000     0.6980     0.4872
log_N          0.0000     0.4061     0.1649



VARIANCE DECOMPOSITION (in percent)
              e_g     e_Z    e_ZI     e_N     e_D
Y_obs        5.15   19.00    3.38   14.67   57.80
Y_N_obs     13.02   16.67    4.87   32.92   32.52
I_obs        1.24    4.19   36.38    3.11   55.08
p_I_obs      0.05    7.72   40.41    0.12   51.70
C_obs        6.36   35.12    2.86   18.50   37.15
N_obs        0.17    2.50    0.09   81.81   15.43
log_Y        0.01   91.69    0.00    8.07    0.23
log_Y_N      0.01   93.51    0.00    6.30    0.17
log_I        0.00   95.33    0.08    3.82    0.77
log_p_I      0.00   99.91    0.06    0.00    0.03
log_C        0.02   89.98    0.00    9.86    0.13
log_N        0.01   28.55    0.00   71.32    0.13

CONDITIONAL VARIANCE DECOMPOSITION (in percent)
Period 1:
              e_g     e_Z    e_ZI     e_N     e_D
Y_obs        5.23   18.89    2.93   15.04   57.91
Y_N_obs     13.20   16.29    4.27   33.64   32.60
I_obs        1.31    0.25   35.65    3.60   59.20
p_I_obs      0.05    4.57   49.59    0.11   45.68
C_obs        6.64   36.30    2.31   19.34   35.42
N_obs        0.16    2.48    0.05   82.38   14.93
log_Y        1.18   19.69    3.06   15.68   60.38
log_Y_N      1.06   18.57    4.87   38.35   37.16
log_I        0.10    0.25   36.08    3.64   59.92
log_p_I      0.05    4.57   49.59    0.11   45.68
log_C        1.91   38.14    2.42   20.32   37.21
log_N        0.16    2.48    0.05   82.38   14.93
Period 4:
              e_g     e_Z    e_ZI     e_N     e_D
Y_obs        5.19   19.02    3.39   14.81   57.59
Y_N_obs     13.12   16.61    4.85   33.16   32.27
I_obs        1.28    3.91   36.82    3.20   54.80
p_I_obs      0.05    7.22   40.09    0.12   52.52
C_obs        6.38   35.08    2.77   18.57   37.20
N_obs        0.16    2.48    0.09   81.99   15.27
log_Y        1.38   27.34    1.41   16.87   53.00
log_Y_N      1.14   25.57    2.24   37.37   33.68
log_I        0.03    7.52   17.31    4.00   71.14
log_p_I      0.03   32.84   46.26    0.05   20.82
log_C        3.18   42.19    1.66   25.29   27.68
log_N        0.19    2.96    0.02   85.49   11.34
Period 8:
              e_g     e_Z    e_ZI     e_N     e_D
Y_obs        5.17   19.00    3.41   14.75   57.67
Y_N_obs     13.07   16.64    4.89   33.05   32.34
I_obs        1.26    4.23   36.77    3.14   54.61
p_I_obs      0.05    7.70   40.41    0.12   51.71
C_obs        6.37   35.04    2.87   18.55   37.18
N_obs        0.16    2.48    0.09   81.92   15.34
log_Y        1.38   33.57    0.82   18.10   46.13
log_Y_N      1.10   31.56    1.23   37.15   28.96
log_I        0.02   18.23   10.20    4.62   66.93
log_p_I      0.02   64.07   24.53    0.03   11.35
log_C        3.42   42.15    0.92   28.41   25.09
log_N        0.19    3.22    0.01   87.28    9.30
Period 40:
              e_g     e_Z    e_ZI     e_N     e_D
Y_obs        5.15   18.98    3.39   14.67   57.82
Y_N_obs     13.03   16.65    4.87   32.93   32.52
I_obs        1.24    4.19   36.39    3.11   55.07
p_I_obs      0.05    7.71   40.41    0.12   51.70
C_obs        6.37   35.09    2.86   18.51   37.17
N_obs        0.16    2.49    0.09   81.82   15.43
log_Y        0.96   56.07    0.21   23.16   19.59
log_Y_N      0.74   51.47    0.29   35.10   12.40
log_I        0.01   53.33    3.51    7.98   35.17
log_p_I      0.01   93.44    4.38    0.01    2.15
log_C        2.07   53.05    0.24   32.33   12.31
log_N        0.12    4.89    0.01   91.50    3.48



MATRIX OF CORRELATIONS
Variables      Y_obs  Y_N_obs    I_obs  p_I_obs    C_obs    N_obs    log_Y  log_Y_N    log_I  log_p_I    log_C    log_N
Y_obs         1.0000   0.5134   0.7795   0.2616   0.8956   0.7085   0.0083   0.0020   0.0131   0.0078   0.0067   0.0128
Y_N_obs       0.5134   1.0000   0.5198   0.0876   0.3748  -0.2418   0.0047   0.0078   0.0092   0.0043   0.0032  -0.0012
I_obs         0.7795   0.5198   1.0000  -0.0788   0.4195   0.4540   0.0069   0.0040   0.0176   0.0046   0.0032   0.0077
p_I_obs       0.2616   0.0876  -0.0788   1.0000   0.4352   0.2238  -0.0005  -0.0015  -0.0090   0.0134   0.0024   0.0009
C_obs         0.8956   0.3748   0.4195   0.4352   1.0000   0.7044   0.0072   0.0001   0.0065   0.0080   0.0074   0.0130
N_obs         0.7085  -0.2418   0.4540   0.2238   0.7044   1.0000   0.0055  -0.0041   0.0072   0.0052   0.0049   0.0154
log_Y         0.0083   0.0047   0.0069  -0.0005   0.0072   0.0055   1.0000   0.8572   0.9939  -0.9571   0.9993   0.7530
log_Y_N       0.0020   0.0078   0.0040  -0.0015   0.0001  -0.0041   0.8572   1.0000   0.8982  -0.9649   0.8405   0.3066
log_I         0.0131   0.0092   0.0176  -0.0090   0.0065   0.0072   0.9939   0.8982   1.0000  -0.9763   0.9889   0.6894
log_p_I       0.0078   0.0043   0.0046   0.0134   0.0080   0.0052  -0.9571  -0.9649  -0.9763   1.0000  -0.9477  -0.5362
log_C         0.0067   0.0032   0.0032   0.0024   0.0074   0.0049   0.9993   0.8405   0.9889  -0.9477   1.0000   0.7730
log_N         0.0128  -0.0012   0.0077   0.0009   0.0130   0.0154   0.7530   0.3066   0.6894  -0.5362   0.7730   1.0000



COEFFICIENTS OF AUTOCORRELATION
Order            1        2        3        4        5
Y_obs      -0.0072   0.0012  -0.0014  -0.0026  -0.0031
Y_N_obs     0.0327   0.0064   0.0023   0.0003  -0.0008
I_obs       0.1192  -0.0559  -0.0433  -0.0346  -0.0287
p_I_obs    -0.1818  -0.0287  -0.0184  -0.0118  -0.0076
C_obs      -0.1014  -0.0258  -0.0137  -0.0060  -0.0011
N_obs      -0.0189  -0.0023  -0.0020  -0.0018  -0.0016
log_Y       0.9998   0.9997   0.9995   0.9993   0.9992
log_Y_N     0.9998   0.9996   0.9995   0.9993   0.9991
log_I       0.9994   0.9986   0.9979   0.9972   0.9966
log_p_I     0.9996   0.9994   0.9992   0.9990   0.9988
log_C       0.9999   0.9997   0.9996   0.9995   0.9994
log_N       0.9995   0.9991   0.9986   0.9982   0.9977
Total computing time : 0h00m14s
Note: 1 warning(s) encountered in the preprocessor
Note: warning(s) encountered in MATLAB/Octave code
