Starting Dynare (version 5.4).
Calling Dynare with arguments: none
Starting preprocessing of the model file ...
Found 63 equation(s).
Evaluating expressions...done
Computing static model derivatives (order 1).
Computing dynamic model derivatives (order 1).
Processing outputs ...
done
Preprocessing completed.





Residuals of the static equations:

Equation number 1 : 0 : Labor composite
Equation number 2 : 0 : Labor leisure:C
Equation number 3 : 0 : Labor leisure:I
Equation number 4 : 0 : Shopping:C
Equation number 5 : 0 : Shopping:I
Equation number 6 : 0 : Composite utility term
Equation number 7 : 0 : Law of motion of wealth effects variable
Equation number 8 : 0 : Investment adjustment cost function
Equation number 9 : 0 : Investment adjustment cost function: derivative
Equation number 10 : 0 : Investment growth
Equation number 11 : 0 : Tobins Q
Equation number 12 : 0 : Euler equation: C
Equation number 13 : 0 : Euler equation: I
Equation number 14 : 0 : Utilization: C
Equation number 15 : 0 : Utilization: I
Equation number 16 : 0 : Depreciation rate: C
Equation number 17 : 0 : Depreciation rate: I
Equation number 18 : 0 : Depreciation rate derivative: C
Equation number 19 : 0 : Depreciation rate derivative: I
Equation number 20 : 0 : Consumption production
Equation number 21 : 0 : Investment production
Equation number 22 : 0 : Capital law of motion
Equation number 23 : 0 : Labor demand:C
Equation number 24 : 0 : Labor demand:I
Equation number 25 : 0 : Capital demand:C
Equation number 26 : 0 : Capital demand:I
Equation number 27 : 0 : Labor composition
Equation number 28 : 0 : Capital composition
Equation number 29 : 0 : Shopping composition
Equation number 30 : 0 : Output (base-year prices)
Equation number 31 : 0 : Capacity utilization
Equation number 32 : 0 : stochastic trend process
Equation number 33 : 0 : Stationary TFP process
Equation number 34 : 0 : Independent component of I-specific tech
Equation number 35 : 0 : Investment-specific TFP process
Equation number 36 : 0 : Labor supply process
Equation number 37 : 0 : Shopping effort process
Equation number 38 : 0 : Relative shopping effort process
Equation number 39 : 0 : Consumption preference process
Equation number 40 : 0 : Definition log output
Equation number 41 : 0 : Definition log consumption
Equation number 42 : 0 : Definition log investment
Equation number 43 : 0 : Definition log hours
Equation number 44 : 0 : log_NC
Equation number 45 : 0 : log_NI
Equation number 46 : 0 : log capital
Equation number 47 : 0 : Definition log labor productivity
Equation number 48 : 0 : Definition log shopping effort
Equation number 49 : 0 : Definition of log relative investment  price
Equation number 50 : 0 : Definition of log capacity utilization
Equation number 51 : 0 : Definition of log Solow residual
Equation number 52 : 0 : C_obs
Equation number 53 : 0 : I_obs
Equation number 54 : 0 : Y_obs
Equation number 55 : 0 : Y_N_obs
Equation number 56 : 0 : K_obs
Equation number 57 : 0 : SR_obs
Equation number 58 : 0 : p_I_obs
Equation number 59 : 0 : N_obs
Equation number 60 : 0 : NC_obs
Equation number 61 : 0 : NI_obs
Equation number 62 : 0 : util_obs
Equation number 63 : 0 : D_obs



STEADY-STATE RESULTS:

Y          		 1
C          		 0.8
I          		 0.2
K          		 11.0496
K_C        		 8.83969
K_I        		 2.20992
N          		 0.3
N_C        		 0.24
N_I        		 0.06
N_comp     		 0.3
Z_C        		 0
u_ZI       		 0
Z_I        		 0
theta_N    		 0
theta_D    		 0
theta_I    		 0
theta_C    		 0
R_C        		 0.0348329
R_I        		 0.0348329
W_C        		 2.23333
W_I        		 2.23333
h_C        		 1
h_I        		 1
delta_C    		 0.0136717
delta_I    		 0.0136717
delta_C_pr 		 0.0235251
delta_I_pr 		 0.0235251
S          		 0
S_pr       		 0
D          		 0.82902
D_C        		 0.663216
D_I        		 0.165804
Gam        		 0.476477
zeta       		 0.665895
p_I        		 1
Q          		 1.48067
x          		 1.00451
log_SR     		 0
util       		 0.81
g          		 0.0045
log_Y      		 0
log_C      		 0
log_I      		 0
log_N      		 0
log_NC     		 0
log_NI     		 0
log_K      		 0
log_Y_N    		 0
log_D      		 0
log_p_I    		 0
log_util   		 0
C_obs      		 0
I_obs      		 0
Y_obs      		 0
Y_N_obs    		 0
p_I_obs    		 0
N_obs      		 0
NC_obs     		 0
NI_obs     		 0
util_obs   		 0
D_obs      		 0
K_obs      		 0
SR_obs     		 0

EIGENVALUES:
         Modulus             Real        Imaginary

               0                0                0
               0                0                0
               0                0                0
       1.325e-18       -1.325e-18                0
        2.97e-18        -2.97e-18                0
       7.518e-18       -7.518e-18                0
       2.069e-17        2.069e-17                0
       1.418e-16        1.418e-16                0
       2.425e-16        2.425e-16                0
       6.987e-09        6.987e-09                0
       6.987e-09       -6.987e-09                0
       1.193e-08       -1.193e-08                0
       1.193e-08        1.193e-08                0
         0.06244          0.06244                0
             0.1              0.1                0
          0.4427           0.4427                0
          0.5734           0.5734                0
             0.9              0.9                0
             0.9              0.9                0
             0.9              0.9                0
             0.9              0.9                0
             0.9              0.9                0
             0.9              0.9                0
          0.9912           0.9912                0
           1.013            1.013                0
           1.827            1.827                0
         9.5e+15          9.5e+15                0
       1.904e+16        1.904e+16                0
       3.182e+16       -3.182e+16                0
       3.941e+16        3.941e+16                0
       2.417e+17        2.417e+17                0
       4.944e+17        4.944e+17                0
       4.994e+17       -4.994e+17                0
        7.55e+17        -7.55e+17                0
       1.019e+19       -1.019e+19                0
       4.458e+19        4.458e+19                0


There are 12 eigenvalue(s) larger than 1 in modulus 
for 12 forward-looking variable(s)

The rank condition is verified.


Initial value of the log posterior (or likelihood): 3112.2448

MODE CHECK

Fval obtained by the minimization routine (minus the posterior/likelihood)): -3112.244818

RESULTS FROM POSTERIOR ESTIMATION
parameters
        prior mean     mode    s.d.  prior pstdev

gam         1.5000   1.9110  0.1701   beta 0.2500 
ha          0.5000   0.4431  0.4700   beta 0.2000 
nu          0.7200   1.2124  2.6086   gamm 0.2500 
sigma_s     0.5000   0.9854  0.0244   beta 0.2000 
m           0.2860   0.4154  0.3830   gamm 0.2000 
sigma_a     1.0000   0.3431  0.4301   invg 1.0000 
Psi_K       4.0000   1.1640  2.5984   gamm 1.0000 
eta         0.2000   0.2738  0.5590   gamm 0.1500 
theta       1.0000   0.1448  0.3679   gamm 0.5000 
rho_g       0.1000   0.1690  0.3059   beta 0.0500 
rho_Z       0.6000   0.9961  0.0028   beta 0.2000 
rho_ZI      0.6000   0.7933  0.1074   beta 0.2000 
rho_N       0.6000   0.9935  0.0335   beta 0.2000 
rho_D       0.6000   0.9885  0.0180   beta 0.2000 
rho_DI      0.6000   0.8012  0.1023   beta 0.2000 
rho_C       0.6000   0.9942  0.0222   beta 0.2000 

standard deviation of shocks
        prior mean     mode    s.d.  prior pstdev

e_g         0.0100   0.0041  0.0017   invg 0.1000 
e_Z         0.0100   0.0023  0.0023   invg 0.1000 
e_ZI        0.0100   0.0031  0.0005   invg 0.1000 
e_N         0.0100   0.0175  0.0199   invg 0.1000 
e_D         0.0100   0.0047  0.0020   invg 0.1000 
e_DI        0.0100   0.0042  0.0013   invg 0.1000 
e_C         0.0100   0.0462  0.0597   invg 0.1000 


Log data density [Laplace approximation] is 3023.945031.

Estimation::mcmc: I am loading past Metropolis-Hastings simulations...
Estimation::mcmc: Recovering the previous proposal density.
Estimation::mcmc: I am writing a new mh-history file... Done.
Estimation::mcmc: Ok. I have loaded 150000 simulations.


Estimation::mcmc: Number of mh files: 1 per block.
Estimation::mcmc: Total number of generated files: 2.
Estimation::mcmc: Total number of iterations: 250000.
Estimation::mcmc: Current acceptance ratio per chain: 
                                                       Chain  1: 30.701%
                                                       Chain  2: 32.277%
Estimation::mcmc: Total number of MH draws per chain: 250000.
Estimation::mcmc: Total number of generated MH files: 1.
Estimation::mcmc: I'll use mh-files 1 to 1.
Estimation::mcmc: In MH-file number 1 I'll start at line 75001.
Estimation::mcmc: Finally I keep 175000 draws per chain.



MCMC Inefficiency factors per block
Parameter       Block 1     Block 2
SE_e_g          533.174     521.742
SE_e_Z          552.649     484.850
SE_e_ZI         548.294     507.075
SE_e_N          512.416     526.252
SE_e_D          718.387     655.031
SE_e_DI         510.503     457.991
SE_e_C          529.062     569.142
gam             506.610     513.191
ha              429.955     425.698
nu              527.231     514.776
sigma_s         532.186     627.796
m               563.213     514.273
sigma_a         546.853     558.839
Psi_K           595.059     564.217
eta             518.012     545.362
theta           583.451     572.888
rho_g           476.717     484.483
rho_Z           675.771     644.240
rho_ZI          543.947     566.142
rho_N           579.032     557.338
rho_D           650.490     685.970
rho_DI          720.485     681.215
rho_C           489.720     529.431

Estimation::mcmc::diagnostics: Univariate convergence diagnostic, Brooks and Gelman (1998):
    Parameter 1...  Done! 
    Parameter 2...  Done! 
    Parameter 3...  Done! 
    Parameter 4...  Done! 
    Parameter 5...  Done! 
    Parameter 6...  Done! 
    Parameter 7...  Done! 
    Parameter 8...  Done! 
    Parameter 9...  Done! 
    Parameter 10...  Done! 
    Parameter 11...  Done! 
    Parameter 12...  Done! 
    Parameter 13...  Done! 
    Parameter 14...  Done! 
    Parameter 15...  Done! 
    Parameter 16...  Done! 
    Parameter 17...  Done! 
    Parameter 18...  Done! 
    Parameter 19...  Done! 
    Parameter 20...  Done! 
    Parameter 21...  Done! 
    Parameter 22...  Done! 
    Parameter 23...  Done! 

Estimation::marginal density: I'm computing the posterior mean and covariance...  Done!
Estimation::marginal density: I'm computing the posterior log marginal density (modified harmonic mean)... Done!


ESTIMATION RESULTS

Log data density is 3022.860469.

parameters
          prior mean   post. mean        90% HPD interval    prior       pstdev

gam            1.500       1.8900      1.6819      2.1110     beta       0.2500
ha             0.500       0.4473      0.3879      0.5017     beta       0.2000
nu             0.720       1.2536      0.7717      1.7409     gamm       0.2500
sigma_s        0.500       0.9775      0.9597      0.9978     beta       0.2000
m              0.286       0.4250      0.3300      0.5243     gamm       0.2000
sigma_a        1.000       0.3620      0.2455      0.4833     invg       1.0000
Psi_K          4.000       1.3313      0.7397      1.9150     gamm       1.0000
eta            0.200       0.2872      0.1864      0.3790     gamm       0.1500
theta          1.000       0.1854      0.0375      0.3304     gamm       0.5000
rho_g          0.100       0.1775      0.0719      0.2787     beta       0.0500
rho_Z          0.600       0.9953      0.9927      0.9976     beta       0.2000
rho_ZI         0.600       0.8019      0.7515      0.8499     beta       0.2000
rho_N          0.600       0.9922      0.9855      0.9997     beta       0.2000
rho_D          0.600       0.9849      0.9741      0.9945     beta       0.2000
rho_DI         0.600       0.8098      0.6532      0.8898     beta       0.2000
rho_C          0.600       0.9931      0.9904      0.9957     beta       0.2000

standard deviation of shocks
          prior mean   post. mean        90% HPD interval    prior       pstdev

e_g            0.010       0.0041      0.0037      0.0046     invg       0.1000
e_Z            0.010       0.0024      0.0019      0.0029     invg       0.1000
e_ZI           0.010       0.0031      0.0024      0.0037     invg       0.1000
e_N            0.010       0.0177      0.0142      0.0212     invg       0.1000
e_D            0.010       0.0083      0.0024      0.0158     invg       0.1000
e_DI           0.010       0.0045      0.0027      0.0063     invg       0.1000
e_C            0.010       0.0468      0.0320      0.0622     invg       0.1000

MODEL SUMMARY

  Number of variables:         63
  Number of stochastic shocks: 7
  Number of state variables:   24
  Number of jumpers:           12
  Number of static variables:  29


MATRIX OF COVARIANCE OF EXOGENOUS SHOCKS
Variables         e_g       e_Z      e_ZI       e_N       e_D      e_DI       e_C
e_g          0.000017  0.000000  0.000000  0.000000  0.000000  0.000000  0.000000
e_Z          0.000000  0.000006  0.000000  0.000000  0.000000  0.000000  0.000000
e_ZI         0.000000  0.000000  0.000009  0.000000  0.000000  0.000000  0.000000
e_N          0.000000  0.000000  0.000000  0.000313  0.000000  0.000000  0.000000
e_D          0.000000  0.000000  0.000000  0.000000  0.000069  0.000000  0.000000
e_DI         0.000000  0.000000  0.000000  0.000000  0.000000  0.000021  0.000000
e_C          0.000000  0.000000  0.000000  0.000000  0.000000  0.000000  0.002188



THEORETICAL MOMENTS
VARIABLE         MEAN  STD. DEV.   VARIANCE
Y_obs          0.0000     0.0081     0.0001
Y_N_obs        0.0000     0.0093     0.0001
SR_obs         0.0000     0.0077     0.0001
I_obs          0.0000     0.0211     0.0004
p_I_obs        0.0000     0.0057     0.0000
C_obs          0.0000     0.0058     0.0000
NC_obs         0.0000     0.0087     0.0001
NI_obs         0.0000     0.0168     0.0003
util_obs       0.0000     0.0051     0.0000
D_obs          0.0000     0.0118     0.0001
log_Y          0.0000     0.1452     0.0211
log_Y_N        0.0000     0.1441     0.0208
log_SR         0.0000     0.0794     0.0063
log_I          0.0000     0.2959     0.0876
log_p_I        0.0000     0.1103     0.0122
log_C          0.0000     0.1167     0.0136
log_N          0.0000     0.0809     0.0065
log_NC         0.0000     0.0756     0.0057
log_NI         0.0000     0.1478     0.0219
log_util       0.0000     0.0517     0.0027
log_D          0.0000     0.1106     0.0122



VARIANCE DECOMPOSITION (in percent)
               e_g     e_Z    e_ZI     e_N     e_D    e_DI     e_C
Y_obs        19.67   20.85    1.00   14.58    1.17    0.42   42.30
Y_N_obs      14.62   22.73    0.71   46.31    0.96    0.27   14.40
SR_obs       21.38   28.78    1.05   19.11    1.34    0.42   27.93
I_obs         2.43   15.86    3.64    9.60    0.86    1.50   66.11
p_I_obs       0.06   40.13   38.38    0.46    0.04   16.23    4.70
C_obs        43.75   22.95    0.01   15.43    1.14    0.00   16.72
NC_obs        0.10    4.33    0.01   94.76    0.16    0.00    0.64
NI_obs        1.00    1.35    0.88   50.53    0.26    0.32   45.66
util_obs      0.98    6.89    0.47    4.59    3.00    1.01   83.06
D_obs         0.01    0.40    0.01    0.35    2.99    0.00   96.23
log_Y         0.03   56.64    0.03    7.86    0.32    0.01   35.11
log_Y_N       0.15   62.97    0.02    6.83    0.28    0.01   29.74
log_SR        1.20   56.68    0.06   12.53    0.54    0.02   28.97
log_I         0.21   60.93    0.13    3.55    0.21    0.05   34.92
log_p_I       0.00   99.60    0.26    0.00    0.00    0.11    0.02
log_C         0.29   49.96    0.00   10.62    0.38    0.00   38.75
log_N         0.15    2.01    0.01   92.53    0.01    0.00    5.29
log_NC        0.00    0.78    0.00   98.94    0.00    0.00    0.28
log_NI        1.08   13.26    0.06   36.75    0.15    0.03   48.67
log_util      1.78   24.89    0.04    2.27    1.53    0.07   69.42
log_D         0.00    3.10    0.00    0.67    1.28    0.00   94.94

CONDITIONAL VARIANCE DECOMPOSITION (in percent)
Period 1:
               e_g     e_Z    e_ZI     e_N     e_D    e_DI     e_C
Y_obs        23.63   16.10    0.98   15.16    1.21    0.42   42.50
Y_N_obs      15.25   21.52    0.71   48.88    0.99    0.27   12.39
SR_obs       23.65   26.97    1.06   20.57    1.42    0.42   25.91
I_obs         1.82    7.16    3.99   11.58    1.02    1.64   72.79
p_I_obs       0.06    0.17   65.76    0.52    0.05   27.98    5.45
C_obs        49.82   20.46    0.00   13.80    1.02    0.00   14.90
NC_obs        0.08    3.70    0.00   95.51    0.13    0.00    0.58
NI_obs        0.33    0.04    0.03   55.96    0.23    0.00   43.40
util_obs      1.18    0.91    0.00    0.54    3.68    1.18   92.50
D_obs         0.01    0.31    0.00    0.30    2.98    0.00   96.39
log_Y         0.89   20.89    1.28   19.67    1.58    0.54   55.16
log_Y_N       0.55   25.25    0.83   57.36    1.16    0.31   14.53
log_SR        0.92   34.99    1.38   26.69    1.84    0.54   33.63
log_I         0.91    7.22    4.03   11.69    1.03    1.65   73.47
log_p_I       0.06    0.17   65.76    0.52    0.05   27.98    5.45
log_C         0.71   40.47    0.00   27.31    2.02    0.00   29.48
log_N         0.00    1.82    0.00   95.35    0.01    0.00    2.82
log_NC        0.08    3.70    0.00   95.51    0.13    0.00    0.58
log_NI        0.33    0.04    0.03   55.96    0.23    0.00   43.40
log_util      1.18    0.91    0.00    0.54    3.68    1.18   92.50
log_D         0.01    0.31    0.00    0.30    2.98    0.00   96.39
Period 4:
               e_g     e_Z    e_ZI     e_N     e_D    e_DI     e_C
Y_obs        20.13   19.62    0.91   14.81    1.18    0.39   42.97
Y_N_obs      14.75   22.31    0.68   46.59    0.96    0.26   14.45
SR_obs       21.88   28.14    0.98   19.56    1.34    0.39   27.71
I_obs         2.54   12.26    3.45   10.09    0.90    1.42   69.34
p_I_obs       0.07   34.18   42.10    0.52    0.05   17.79    5.29
C_obs        44.04   22.86    0.01   15.40    1.13    0.00   16.56
NC_obs        0.10    4.34    0.01   94.75    0.16    0.00    0.63
NI_obs        0.98    0.41    0.81   51.43    0.26    0.28   45.82
util_obs      1.00    5.91    0.41    4.67    3.04    0.94   84.03
D_obs         0.01    0.39    0.01    0.35    2.98    0.00   96.26
log_Y         0.31   26.74    0.88   17.50    1.39    0.38   52.80
log_Y_N       0.63   34.91    0.63   37.38    1.26    0.25   24.95
log_SR        1.02   43.32    0.90   10.41    1.72    0.37   42.26
log_I         0.15   14.67    2.66    9.14    0.82    1.11   71.45
log_p_I       0.01   54.40   30.71    0.12    0.01   13.47    1.27
log_C         1.11   40.41    0.01   27.15    1.98    0.01   29.33
log_N         0.05    0.54    0.04   93.53    0.02    0.02    5.79
log_NC        0.04    1.45    0.00   97.92    0.04    0.00    0.55
log_NI        0.23    0.42    0.41   42.94    0.32    0.22   55.47
log_util      0.98    6.42    0.25    1.69    2.83    0.69   87.15
log_D         0.01    0.64    0.01    0.56    2.87    0.00   95.91
Period 8:
               e_g     e_Z    e_ZI     e_N     e_D    e_DI     e_C
Y_obs        19.85   20.58    0.98   14.60    1.17    0.41   42.41
Y_N_obs      14.68   22.63    0.71   46.37    0.95    0.27   14.40
SR_obs       21.70   28.58    1.05   19.40    1.34    0.41   27.52
I_obs         2.49   15.07    3.62    9.74    0.87    1.49   66.73
p_I_obs       0.06   39.06   39.06    0.47    0.05   16.51    4.80
C_obs        43.93   22.91    0.01   15.39    1.13    0.00   16.63
NC_obs        0.10    4.35    0.01   94.74    0.16    0.00    0.64
NI_obs        1.01    1.05    0.86   51.04    0.26    0.31   45.47
util_obs      0.99    6.54    0.46    4.64    3.02    1.01   83.35
D_obs         0.01    0.40    0.01    0.35    2.98    0.00   96.24
log_Y         0.16   33.41    0.50   15.40    1.19    0.22   49.11
log_Y_N       0.52   41.90    0.38   29.63    1.16    0.15   26.26
log_SR        1.12   50.71    0.49    7.08    1.48    0.20   38.92
log_I         0.18   25.53    1.45    7.26    0.65    0.62   64.31
log_p_I       0.00   85.42    9.78    0.03    0.00    4.35    0.41
log_C         1.11   40.58    0.02   26.27    1.87    0.01   30.15
log_N         0.09    0.33    0.04   92.33    0.03    0.02    7.16
log_NC        0.02    0.89    0.00   98.66    0.02    0.00    0.40
log_NI        0.48    1.96    0.32   38.44    0.29    0.18   58.33
log_util      1.07   10.59    0.18    1.97    2.52    0.40   83.27
log_D         0.01    0.94    0.01    0.64    2.76    0.00   95.66
Period 40:
               e_g     e_Z    e_ZI     e_N     e_D    e_DI     e_C
Y_obs        19.77   20.74    1.00   14.58    1.17    0.43   42.30
Y_N_obs      14.65   22.67    0.72   46.36    0.96    0.27   14.37
SR_obs       21.54   28.60    1.06   19.25    1.34    0.42   27.79
I_obs         2.45   15.60    3.67    9.64    0.86    1.51   66.25
p_I_obs       0.06   39.77   38.60    0.46    0.04   16.33    4.72
C_obs        43.89   22.91    0.01   15.40    1.14    0.00   16.64
NC_obs        0.10    4.34    0.01   94.75    0.16    0.00    0.64
NI_obs        1.00    1.25    0.89   50.73    0.26    0.32   45.56
util_obs      0.99    6.68    0.48    4.62    3.01    1.02   83.20
D_obs         0.01    0.40    0.01    0.35    2.99    0.00   96.23
log_Y         0.06   46.89    0.09   11.49    0.74    0.04   40.69
log_Y_N       0.33   54.32    0.07   17.95    0.76    0.03   26.54
log_SR        1.16   65.82    0.11    6.16    0.95    0.04   25.77
log_I         0.19   48.57    0.27    4.64    0.35    0.11   45.87
log_p_I       0.00   98.53    0.96    0.00    0.00    0.43    0.07
log_C         0.83   42.64    0.01   21.51    1.27    0.00   33.74
log_N         0.13    0.50    0.01   92.49    0.02    0.01    6.84
log_NC        0.00    0.58    0.00   99.14    0.01    0.00    0.27
log_NI        0.80    7.69    0.09   36.12    0.20    0.05   55.04
log_util      1.34   19.59    0.05    1.68    2.03    0.10   75.20
log_D         0.00    1.74    0.00    0.69    2.18    0.00   95.39



MATRIX OF CORRELATIONS
Variables       Y_obs   Y_N_obs    SR_obs     I_obs   p_I_obs     C_obs    NC_obs    NI_obs  util_obs     D_obs     log_Y   log_Y_N    log_SR     log_I   log_p_I     log_C     log_N    log_NC    log_NI  log_util     log_D
Y_obs          1.0000    0.4195    0.6768    0.9119   -0.1706    0.9279    0.2625    0.7173    0.7693    0.6448    0.0202   -0.0103    0.1048    0.0611    0.0117   -0.0074    0.0546    0.0166    0.1155    0.1289    0.0661
Y_N_obs        0.4195    1.0000    0.9445    0.3496   -0.1658    0.4192   -0.7469   -0.2100    0.5325    0.3459    0.0187    0.0253    0.0997    0.0401    0.0073    0.0036   -0.0116   -0.0377    0.0455    0.1055    0.0512
SR_obs         0.6768    0.9445    1.0000    0.5947   -0.1858    0.6484   -0.5120    0.0811    0.6971    0.5051   -0.0370   -0.0198    0.0350   -0.0338    0.0443   -0.0362   -0.0312   -0.0335   -0.0170    0.0216   -0.0010
I_obs          0.9119    0.3496    0.5947    1.0000   -0.2467    0.6931    0.2065    0.8131    0.8851    0.7847   -0.0034   -0.0202    0.0948    0.0340    0.0141   -0.0268    0.0300    0.0013    0.0792    0.0972    0.0435
p_I_obs       -0.1706   -0.1658   -0.1858   -0.2467    1.0000   -0.0755   -0.0155    0.0778   -0.0996    0.1498   -0.0222   -0.0199   -0.1007   -0.0368    0.0261   -0.0112   -0.0045    0.0080   -0.0286   -0.0748   -0.0043
C_obs          0.9279    0.4192    0.6484    0.6931   -0.0755    1.0000    0.2735    0.5211    0.5470    0.4196    0.0385    0.0002    0.0980    0.0765    0.0077    0.0113    0.0687    0.0279    0.1308    0.1380    0.0765
NC_obs         0.2625   -0.7469   -0.5120    0.2065   -0.0155    0.2735    1.0000    0.6379   -0.1131   -0.0348    0.0068   -0.0269   -0.0218    0.0139   -0.0044    0.0017    0.0601    0.0575    0.0468   -0.0054   -0.0008
NI_obs         0.7173   -0.2100    0.0811    0.8131    0.0778    0.5211    0.6379    1.0000    0.6217    0.6750   -0.0169   -0.0396    0.0229    0.0082    0.0172   -0.0315    0.0403    0.0260    0.0569    0.0311    0.0199
util_obs       0.7693    0.5325    0.6971    0.8851   -0.0996    0.5470   -0.1131    0.6217    1.0000    0.8589   -0.0297   -0.0342    0.0456   -0.0070    0.0344   -0.0417    0.0077   -0.0067    0.0348    0.0492    0.0250
D_obs          0.6448    0.3459    0.5051    0.7847    0.1498    0.4196   -0.0348    0.6750    0.8589    1.0000    0.0013   -0.0087    0.0502    0.0268    0.0099   -0.0149    0.0180   -0.0031    0.0555    0.0614    0.0533
log_Y          0.0202    0.0187   -0.0370   -0.0034   -0.0222    0.0385    0.0068   -0.0169   -0.0297    0.0013    1.0000    0.8438    0.3944    0.9229   -0.7448    0.9698    0.2912    0.1834    0.4214    0.3787    0.7350
log_Y_N       -0.0103    0.0253   -0.0198   -0.0202   -0.0199    0.0002   -0.0269   -0.0396   -0.0342   -0.0087    0.8438    1.0000    0.4967    0.7729   -0.7798    0.8220   -0.2677   -0.3500   -0.0167    0.2146    0.6284
log_SR         0.1048    0.0997    0.0350    0.0948   -0.1007    0.0980   -0.0218    0.0229    0.0456    0.0502    0.3944    0.4967    1.0000    0.6842   -0.6265    0.1794   -0.1775   -0.3939    0.3197    0.7185    0.1906
log_I          0.0611    0.0401   -0.0338    0.0340   -0.0368    0.0765    0.0139    0.0082   -0.0070    0.0268    0.9229    0.7729    0.6842    1.0000   -0.7559    0.8010    0.2791    0.0866    0.5863    0.6623    0.6812
log_p_I        0.0117    0.0073    0.0443    0.0141    0.0261    0.0077   -0.0044    0.0172    0.0344    0.0099   -0.7448   -0.7798   -0.6265   -0.7559    1.0000   -0.6789    0.0529    0.0853   -0.0297   -0.1505   -0.1657
log_C         -0.0074    0.0036   -0.0362   -0.0268   -0.0112    0.0113    0.0017   -0.0315   -0.0417   -0.0149    0.9698    0.8220    0.1794    0.8010   -0.6789    1.0000    0.2758    0.2303    0.2835    0.1691    0.7110
log_N          0.0546   -0.0116   -0.0312    0.0300   -0.0045    0.0687    0.0601    0.0403    0.0077    0.0180    0.2912   -0.2677   -0.1775    0.2791    0.0529    0.2758    1.0000    0.9532    0.7862    0.2973    0.1994
log_NC         0.0166   -0.0377   -0.0335    0.0013    0.0080    0.0279    0.0575    0.0260   -0.0067   -0.0031    0.1834   -0.3500   -0.3939    0.0866    0.0853    0.2303    0.9532    1.0000    0.5626   -0.0017    0.0153
log_NI         0.1155    0.0455   -0.0170    0.0792   -0.0286    0.1308    0.0468    0.0569    0.0348    0.0555    0.4214   -0.0167    0.3197    0.5863   -0.0297    0.2835    0.7862    0.5626    1.0000    0.8165    0.5139
log_util       0.1289    0.1055    0.0216    0.0972   -0.0748    0.1380   -0.0054    0.0311    0.0492    0.0614    0.3787    0.2146    0.7185    0.6623   -0.1505    0.1691    0.2973   -0.0017    0.8165    1.0000    0.5469
log_D          0.0661    0.0512   -0.0010    0.0435   -0.0043    0.0765   -0.0008    0.0199    0.0250    0.0533    0.7350    0.6284    0.1906    0.6812   -0.1657    0.7110    0.1994    0.0153    0.5139    0.5469    1.0000



COEFFICIENTS OF AUTOCORRELATION
Order             1        2        3        4        5
Y_obs        0.4303   0.2186   0.1232   0.0760   0.0507
Y_N_obs      0.1174   0.0596   0.0423   0.0321   0.0251
SR_obs       0.2378   0.1194   0.0756   0.0517   0.0367
I_obs        0.4908   0.2567   0.1455   0.0900   0.0599
p_I_obs      0.2146   0.1947   0.1544   0.1222   0.0963
C_obs        0.3212   0.1364   0.0684   0.0385   0.0242
NC_obs       0.0410   0.0175   0.0071   0.0016  -0.0013
NI_obs       0.2405   0.1162   0.0422   0.0119   0.0001
util_obs     0.4433   0.1970   0.0947   0.0452   0.0208
D_obs        0.0377   0.0175   0.0063   0.0011  -0.0014
log_Y        0.9987   0.9962   0.9931   0.9896   0.9859
log_Y_N      0.9982   0.9960   0.9936   0.9910   0.9883
log_SR       0.9961   0.9904   0.9836   0.9762   0.9683
log_I        0.9975   0.9926   0.9864   0.9796   0.9723
log_p_I      0.9986   0.9967   0.9942   0.9913   0.9881
log_C        0.9993   0.9979   0.9962   0.9943   0.9923
log_N        0.9932   0.9853   0.9770   0.9685   0.9600
log_NC       0.9934   0.9863   0.9789   0.9714   0.9639
log_NI       0.9935   0.9839   0.9728   0.9612   0.9494
log_util     0.9952   0.9860   0.9750   0.9630   0.9506
log_D        0.9943   0.9882   0.9819   0.9755   0.9692
Total computing time : 0h18m11s
