% 14-Feb-2024 11:21:51, created by disp_th_moments.m 
 
\begin{center}
\begin{longtable}{lcccccccccc} 
\caption{MATRIX OF CORRELATIONS}\\
 \label{Table:th_corr_matrix}\\
\toprule 
$Variables  $	 & 	 $      Y\_obs$	 & 	 $  Y\_N\_obs$	 & 	 $      I\_obs$	 & 	 $  p\_I\_obs$	 & 	 $      C\_obs$	 & 	 $      log\_Y$	 & 	 $  log\_Y\_N$	 & 	 $      log\_I$	 & 	 $  log\_p\_I$	 & 	 $      log\_C$\\
\midrule \endfirsthead 
\caption{(continued)}\\
 \toprule \\ 
$Variables  $	 & 	 $      Y\_obs$	 & 	 $  Y\_N\_obs$	 & 	 $      I\_obs$	 & 	 $  p\_I\_obs$	 & 	 $      C\_obs$	 & 	 $      log\_Y$	 & 	 $  log\_Y\_N$	 & 	 $      log\_I$	 & 	 $  log\_p\_I$	 & 	 $      log\_C$\\
\midrule \endhead 
\midrule \multicolumn{11}{r}{(Continued on next page)} \\ \bottomrule \endfoot 
\bottomrule \endlastfoot 
$Y\_obs     $	 & 	       1.0000	 & 	       0.4192	 & 	       0.6271	 & 	      -0.0049	 & 	       0.7197	 & 	       0.0125	 & 	       0.0071	 & 	       0.0470	 & 	      -0.0332	 & 	      -0.0109 \\ 
$Y\_N\_obs  $	 & 	       0.4192	 & 	       1.0000	 & 	       0.3969	 & 	      -0.1992	 & 	       0.1824	 & 	       0.0025	 & 	       0.0127	 & 	       0.0346	 & 	      -0.0302	 & 	      -0.0190 \\ 
$I\_obs     $	 & 	       0.6271	 & 	       0.3969	 & 	       1.0000	 & 	      -0.5358	 & 	      -0.0894	 & 	      -0.0113	 & 	      -0.0110	 & 	       0.0226	 & 	      -0.0117	 & 	      -0.0336 \\ 
$p\_I\_obs  $	 & 	      -0.0049	 & 	      -0.1992	 & 	      -0.5358	 & 	       1.0000	 & 	       0.4712	 & 	       0.0329	 & 	       0.0265	 & 	      -0.0044	 & 	       0.0133	 & 	       0.0568 \\ 
$C\_obs     $	 & 	       0.7197	 & 	       0.1824	 & 	      -0.0894	 & 	       0.4712	 & 	       1.0000	 & 	       0.0261	 & 	       0.0189	 & 	       0.0401	 & 	      -0.0321	 & 	       0.0160 \\ 
$log\_Y     $	 & 	       0.0125	 & 	       0.0025	 & 	      -0.0113	 & 	       0.0329	 & 	       0.0261	 & 	       1.0000	 & 	       0.9574	 & 	       0.9713	 & 	      -0.9644	 & 	       0.9873 \\ 
$log\_Y\_N  $	 & 	       0.0071	 & 	       0.0127	 & 	      -0.0110	 & 	       0.0265	 & 	       0.0189	 & 	       0.9574	 & 	       1.0000	 & 	       0.9541	 & 	      -0.9752	 & 	       0.9291 \\ 
$log\_I     $	 & 	       0.0470	 & 	       0.0346	 & 	       0.0226	 & 	      -0.0044	 & 	       0.0401	 & 	       0.9713	 & 	       0.9541	 & 	       1.0000	 & 	      -0.9899	 & 	       0.9211 \\ 
$log\_p\_I  $	 & 	      -0.0332	 & 	      -0.0302	 & 	      -0.0117	 & 	       0.0133	 & 	      -0.0321	 & 	      -0.9644	 & 	      -0.9752	 & 	      -0.9899	 & 	       1.0000	 & 	      -0.9166 \\ 
$log\_C     $	 & 	      -0.0109	 & 	      -0.0190	 & 	      -0.0336	 & 	       0.0568	 & 	       0.0160	 & 	       0.9873	 & 	       0.9291	 & 	       0.9211	 & 	      -0.9166	 & 	       1.0000 \\ 
\end{longtable}
 \end{center}
% End of TeX file.
