% 19-Feb-2024 15:05:47, created by disp_th_moments.m 
 
\begin{center}
\begin{longtable}{lcccccccccccc} 
\caption{MATRIX OF CORRELATIONS}\\
 \label{Table:th_corr_matrix}\\
\toprule 
$Variables  $	 & 	 $      Y\_obs$	 & 	 $  Y\_N\_obs$	 & 	 $      I\_obs$	 & 	 $  p\_I\_obs$	 & 	 $      C\_obs$	 & 	 $      N\_obs$	 & 	 $      log\_Y$	 & 	 $  log\_Y\_N$	 & 	 $      log\_I$	 & 	 $  log\_p\_I$	 & 	 $      log\_C$	 & 	 $      log\_N$\\
\midrule \endfirsthead 
\caption{(continued)}\\
 \toprule \\ 
$Variables  $	 & 	 $      Y\_obs$	 & 	 $  Y\_N\_obs$	 & 	 $      I\_obs$	 & 	 $  p\_I\_obs$	 & 	 $      C\_obs$	 & 	 $      N\_obs$	 & 	 $      log\_Y$	 & 	 $  log\_Y\_N$	 & 	 $      log\_I$	 & 	 $  log\_p\_I$	 & 	 $      log\_C$	 & 	 $      log\_N$\\
\midrule \endhead 
\midrule \multicolumn{13}{r}{(Continued on next page)} \\ \bottomrule \endfoot 
\bottomrule \endlastfoot 
$Y\_obs     $	 & 	       1.0000	 & 	       0.5362	 & 	       0.7830	 & 	       0.2782	 & 	       0.8978	 & 	       0.7092	 & 	       0.0113	 & 	       0.0031	 & 	       0.0178	 & 	       0.0111	 & 	       0.0090	 & 	       0.0180 \\ 
$Y\_N\_obs  $	 & 	       0.5362	 & 	       1.0000	 & 	       0.5267	 & 	       0.0957	 & 	       0.4058	 & 	      -0.2148	 & 	       0.0067	 & 	       0.0104	 & 	       0.0127	 & 	       0.0062	 & 	       0.0046	 & 	      -0.0010 \\ 
$I\_obs     $	 & 	       0.7830	 & 	       0.5267	 & 	       1.0000	 & 	      -0.0724	 & 	       0.4292	 & 	       0.4661	 & 	       0.0093	 & 	       0.0053	 & 	       0.0235	 & 	       0.0068	 & 	       0.0043	 & 	       0.0111 \\ 
$p\_I\_obs  $	 & 	       0.2782	 & 	       0.0957	 & 	      -0.0724	 & 	       1.0000	 & 	       0.4552	 & 	       0.2420	 & 	      -0.0007	 & 	      -0.0020	 & 	      -0.0125	 & 	       0.0180	 & 	       0.0034	 & 	       0.0012 \\ 
$C\_obs     $	 & 	       0.8978	 & 	       0.4058	 & 	       0.4292	 & 	       0.4552	 & 	       1.0000	 & 	       0.6999	 & 	       0.0098	 & 	       0.0007	 & 	       0.0092	 & 	       0.0113	 & 	       0.0100	 & 	       0.0182 \\ 
$N\_obs     $	 & 	       0.7092	 & 	      -0.2148	 & 	       0.4661	 & 	       0.2420	 & 	       0.6999	 & 	       1.0000	 & 	       0.0075	 & 	      -0.0051	 & 	       0.0100	 & 	       0.0077	 & 	       0.0066	 & 	       0.0217 \\ 
$log\_Y     $	 & 	       0.0113	 & 	       0.0067	 & 	       0.0093	 & 	      -0.0007	 & 	       0.0098	 & 	       0.0075	 & 	       1.0000	 & 	       0.8818	 & 	       0.9934	 & 	      -0.9613	 & 	       0.9992	 & 	       0.7691 \\ 
$log\_Y\_N  $	 & 	       0.0031	 & 	       0.0104	 & 	       0.0053	 & 	      -0.0020	 & 	       0.0007	 & 	      -0.0051	 & 	       0.8818	 & 	       1.0000	 & 	       0.9106	 & 	      -0.9695	 & 	       0.8690	 & 	       0.3768 \\ 
$log\_I     $	 & 	       0.0178	 & 	       0.0127	 & 	       0.0235	 & 	      -0.0125	 & 	       0.0092	 & 	       0.0100	 & 	       0.9934	 & 	       0.9106	 & 	       1.0000	 & 	      -0.9739	 & 	       0.9881	 & 	       0.7172 \\ 
$log\_p\_I  $	 & 	       0.0111	 & 	       0.0062	 & 	       0.0068	 & 	       0.0180	 & 	       0.0113	 & 	       0.0077	 & 	      -0.9613	 & 	      -0.9695	 & 	      -0.9739	 & 	       1.0000	 & 	      -0.9539	 & 	      -0.5742 \\ 
$log\_C     $	 & 	       0.0090	 & 	       0.0046	 & 	       0.0043	 & 	       0.0034	 & 	       0.0100	 & 	       0.0066	 & 	       0.9992	 & 	       0.8690	 & 	       0.9881	 & 	      -0.9539	 & 	       1.0000	 & 	       0.7849 \\ 
$log\_N     $	 & 	       0.0180	 & 	      -0.0010	 & 	       0.0111	 & 	       0.0012	 & 	       0.0182	 & 	       0.0217	 & 	       0.7691	 & 	       0.3768	 & 	       0.7172	 & 	      -0.5742	 & 	       0.7849	 & 	       1.0000 \\ 
\end{longtable}
 \end{center}
% End of TeX file.
