% 19-Feb-2024 15:05:47, created by display_conditional_variance_decomposition.m 
 
\begin{center}
\begin{longtable}{lccccc} 
\caption{CONDITIONAL VARIANCE DECOMPOSITION (in percent); Period 1}\\
 \label{Table:th_var_decomp_cond_h1}\\
\toprule 
$         $	 & 	 $       {e_g}$	 & 	 $       {e_Z}$	 & 	 $    {e_{ZI}}$	 & 	 $       {e_N}$	 & 	 $       {e_D}$\\
\midrule \endfirsthead 
\caption{(continued)}\\
 \toprule \\ 
$         $	 & 	 $       {e_g}$	 & 	 $       {e_Z}$	 & 	 $    {e_{ZI}}$	 & 	 $       {e_N}$	 & 	 $       {e_D}$\\
\midrule \endhead 
\midrule \multicolumn{6}{r}{(Continued on next page)} \\ \bottomrule \endfoot 
\bottomrule \endlastfoot 
$Y_obs    $	 & 	        5.21	 & 	       19.58	 & 	        2.78	 & 	       14.20	 & 	       58.23 \\ 
$Y_N_obs  $	 & 	       13.33	 & 	       17.00	 & 	        4.07	 & 	       32.20	 & 	       33.41 \\ 
$I_obs    $	 & 	        1.43	 & 	        0.39	 & 	       35.05	 & 	        3.84	 & 	       59.30 \\ 
$p_I_obs  $	 & 	        0.09	 & 	        4.22	 & 	       48.65	 & 	        0.24	 & 	       46.80 \\ 
$C_obs    $	 & 	        6.50	 & 	       36.94	 & 	        2.32	 & 	       17.79	 & 	       36.44 \\ 
$N_obs    $	 & 	        0.17	 & 	        2.74	 & 	        0.06	 & 	       81.40	 & 	       15.64 \\ 
$log_Y    $	 & 	        1.19	 & 	       20.41	 & 	        2.90	 & 	       14.80	 & 	       60.70 \\ 
$log_Y_N  $	 & 	        1.10	 & 	       19.40	 & 	        4.64	 & 	       36.74	 & 	       38.12 \\ 
$log_I    $	 & 	        0.07	 & 	        0.40	 & 	       35.53	 & 	        3.89	 & 	       60.11 \\ 
$log_p_I  $	 & 	        0.09	 & 	        4.22	 & 	       48.65	 & 	        0.24	 & 	       46.80 \\ 
$log_C    $	 & 	        2.01	 & 	       38.71	 & 	        2.43	 & 	       18.65	 & 	       38.19 \\ 
$log_N    $	 & 	        0.17	 & 	        2.74	 & 	        0.06	 & 	       81.40	 & 	       15.64 \\ 
\end{longtable}
 \end{center}
% End of TeX file.
