% 14-Feb-2024 18:02:43, created by disp_th_moments.m 
 
\begin{center}
\begin{longtable}{lcccccccccc} 
\caption{MATRIX OF CORRELATIONS}\\
 \label{Table:th_corr_matrix}\\
\toprule 
$Variables  $	 & 	 $      Y\_obs$	 & 	 $  Y\_N\_obs$	 & 	 $      I\_obs$	 & 	 $  p\_I\_obs$	 & 	 $      C\_obs$	 & 	 $      log\_Y$	 & 	 $  log\_Y\_N$	 & 	 $      log\_I$	 & 	 $  log\_p\_I$	 & 	 $      log\_C$\\
\midrule \endfirsthead 
\caption{(continued)}\\
 \toprule \\ 
$Variables  $	 & 	 $      Y\_obs$	 & 	 $  Y\_N\_obs$	 & 	 $      I\_obs$	 & 	 $  p\_I\_obs$	 & 	 $      C\_obs$	 & 	 $      log\_Y$	 & 	 $  log\_Y\_N$	 & 	 $      log\_I$	 & 	 $  log\_p\_I$	 & 	 $      log\_C$\\
\midrule \endhead 
\midrule \multicolumn{11}{r}{(Continued on next page)} \\ \bottomrule \endfoot 
\bottomrule \endlastfoot 
$Y\_obs     $	 & 	       1.0000	 & 	       0.3873	 & 	       0.7229	 & 	       0.0799	 & 	       0.7876	 & 	       0.0112	 & 	       0.0040	 & 	       0.0308	 & 	      -0.0209	 & 	      -0.0013 \\ 
$Y\_N\_obs  $	 & 	       0.3873	 & 	       1.0000	 & 	       0.4464	 & 	      -0.1188	 & 	       0.1566	 & 	       0.0029	 & 	       0.0114	 & 	       0.0211	 & 	      -0.0195	 & 	      -0.0085 \\ 
$I\_obs     $	 & 	       0.7229	 & 	       0.4464	 & 	       1.0000	 & 	      -0.3489	 & 	       0.1435	 & 	      -0.0022	 & 	      -0.0035	 & 	       0.0194	 & 	      -0.0102	 & 	      -0.0158 \\ 
$p\_I\_obs  $	 & 	       0.0799	 & 	      -0.1188	 & 	      -0.3489	 & 	       1.0000	 & 	       0.4256	 & 	       0.0214	 & 	       0.0169	 & 	       0.0015	 & 	       0.0132	 & 	       0.0334 \\ 
$C\_obs     $	 & 	       0.7876	 & 	       0.1566	 & 	       0.1435	 & 	       0.4256	 & 	       1.0000	 & 	       0.0180	 & 	       0.0089	 & 	       0.0268	 & 	      -0.0208	 & 	       0.0121 \\ 
$log\_Y     $	 & 	       0.0112	 & 	       0.0029	 & 	      -0.0022	 & 	       0.0214	 & 	       0.0180	 & 	       1.0000	 & 	       0.8413	 & 	       0.9765	 & 	      -0.9297	 & 	       0.9908 \\ 
$log\_Y\_N  $	 & 	       0.0040	 & 	       0.0114	 & 	      -0.0035	 & 	       0.0169	 & 	       0.0089	 & 	       0.8413	 & 	       1.0000	 & 	       0.9020	 & 	      -0.9554	 & 	       0.7830 \\ 
$log\_I     $	 & 	       0.0308	 & 	       0.0211	 & 	       0.0194	 & 	       0.0015	 & 	       0.0268	 & 	       0.9765	 & 	       0.9020	 & 	       1.0000	 & 	      -0.9789	 & 	       0.9384 \\ 
$log\_p\_I  $	 & 	      -0.0209	 & 	      -0.0195	 & 	      -0.0102	 & 	       0.0132	 & 	      -0.0208	 & 	      -0.9297	 & 	      -0.9554	 & 	      -0.9789	 & 	       1.0000	 & 	      -0.8766 \\ 
$log\_C     $	 & 	      -0.0013	 & 	      -0.0085	 & 	      -0.0158	 & 	       0.0334	 & 	       0.0121	 & 	       0.9908	 & 	       0.7830	 & 	       0.9384	 & 	      -0.8766	 & 	       1.0000 \\ 
\end{longtable}
 \end{center}
% End of TeX file.
