% 19-Feb-2024 15:05:47, created by display_conditional_variance_decomposition.m 
 
\begin{center}
\begin{longtable}{lccccc} 
\caption{CONDITIONAL VARIANCE DECOMPOSITION (in percent); Period 8}\\
 \label{Table:th_var_decomp_cond_h8}\\
\toprule 
$         $	 & 	 $       {e_g}$	 & 	 $       {e_Z}$	 & 	 $    {e_{ZI}}$	 & 	 $       {e_N}$	 & 	 $       {e_D}$\\
\midrule \endfirsthead 
\caption{(continued)}\\
 \toprule \\ 
$         $	 & 	 $       {e_g}$	 & 	 $       {e_Z}$	 & 	 $    {e_{ZI}}$	 & 	 $       {e_N}$	 & 	 $       {e_D}$\\
\midrule \endhead 
\midrule \multicolumn{6}{r}{(Continued on next page)} \\ \bottomrule \endfoot 
\bottomrule \endlastfoot 
$Y_obs    $	 & 	        5.14	 & 	       19.68	 & 	        3.24	 & 	       13.92	 & 	       58.02 \\ 
$Y_N_obs  $	 & 	       13.18	 & 	       17.35	 & 	        4.68	 & 	       31.63	 & 	       33.17 \\ 
$I_obs    $	 & 	        1.34	 & 	        4.56	 & 	       36.10	 & 	        3.34	 & 	       54.66 \\ 
$p_I_obs  $	 & 	        0.09	 & 	        7.73	 & 	       39.34	 & 	        0.26	 & 	       52.57 \\ 
$C_obs    $	 & 	        6.22	 & 	       35.58	 & 	        2.90	 & 	       17.03	 & 	       38.27 \\ 
$N_obs    $	 & 	        0.17	 & 	        2.74	 & 	        0.10	 & 	       80.92	 & 	       16.08 \\ 
$log_Y    $	 & 	        1.37	 & 	       34.66	 & 	        0.77	 & 	       17.11	 & 	       46.10 \\ 
$log_Y_N  $	 & 	        1.11	 & 	       32.86	 & 	        1.16	 & 	       35.44	 & 	       29.43 \\ 
$log_I    $	 & 	        0.01	 & 	       19.71	 & 	        9.72	 & 	        4.99	 & 	       65.57 \\ 
$log_p_I  $	 & 	        0.03	 & 	       65.04	 & 	       23.52	 & 	        0.06	 & 	       11.35 \\ 
$log_C    $	 & 	        3.59	 & 	       43.19	 & 	        0.95	 & 	       26.29	 & 	       25.99 \\ 
$log_N    $	 & 	        0.20	 & 	        3.55	 & 	        0.01	 & 	       86.48	 & 	        9.75 \\ 
\end{longtable}
 \end{center}
% End of TeX file.
