% 26-Feb-2024 14:07:51, created by display_conditional_variance_decomposition.m 
 
\begin{center}
\begin{longtable}{lccccc} 
\caption{CONDITIONAL VARIANCE DECOMPOSITION (in percent); Period 4}\\
 \label{Table:th_var_decomp_cond_h4}\\
\toprule 
$         $	 & 	 $       {e_g}$	 & 	 $       {e_Z}$	 & 	 $    {e_{ZI}}$	 & 	 $       {e_N}$	 & 	 $       {e_D}$\\
\midrule \endfirsthead 
\caption{(continued)}\\
 \toprule \\ 
$         $	 & 	 $       {e_g}$	 & 	 $       {e_Z}$	 & 	 $    {e_{ZI}}$	 & 	 $       {e_N}$	 & 	 $       {e_D}$\\
\midrule \endhead 
\midrule \multicolumn{6}{r}{(Continued on next page)} \\ \bottomrule \endfoot 
\bottomrule \endlastfoot 
$Y_obs    $	 & 	        5.19	 & 	       19.02	 & 	        3.39	 & 	       14.81	 & 	       57.59 \\ 
$Y_N_obs  $	 & 	       13.12	 & 	       16.61	 & 	        4.85	 & 	       33.16	 & 	       32.27 \\ 
$I_obs    $	 & 	        1.28	 & 	        3.91	 & 	       36.82	 & 	        3.20	 & 	       54.80 \\ 
$p_I_obs  $	 & 	        0.05	 & 	        7.22	 & 	       40.09	 & 	        0.12	 & 	       52.52 \\ 
$C_obs    $	 & 	        6.38	 & 	       35.08	 & 	        2.77	 & 	       18.57	 & 	       37.20 \\ 
$N_obs    $	 & 	        0.16	 & 	        2.48	 & 	        0.09	 & 	       81.99	 & 	       15.27 \\ 
$log_Y    $	 & 	        1.38	 & 	       27.34	 & 	        1.41	 & 	       16.87	 & 	       53.00 \\ 
$log_Y_N  $	 & 	        1.14	 & 	       25.57	 & 	        2.24	 & 	       37.37	 & 	       33.68 \\ 
$log_I    $	 & 	        0.03	 & 	        7.52	 & 	       17.31	 & 	        4.00	 & 	       71.14 \\ 
$log_p_I  $	 & 	        0.03	 & 	       32.84	 & 	       46.26	 & 	        0.05	 & 	       20.82 \\ 
$log_C    $	 & 	        3.18	 & 	       42.19	 & 	        1.66	 & 	       25.29	 & 	       27.68 \\ 
$log_N    $	 & 	        0.19	 & 	        2.96	 & 	        0.02	 & 	       85.49	 & 	       11.34 \\ 
\end{longtable}
 \end{center}
% End of TeX file.
