% 26-Feb-2024 14:07:51, created by display_conditional_variance_decomposition.m 
 
\begin{center}
\begin{longtable}{lccccc} 
\caption{CONDITIONAL VARIANCE DECOMPOSITION (in percent); Period 8}\\
 \label{Table:th_var_decomp_cond_h8}\\
\toprule 
$         $	 & 	 $       {e_g}$	 & 	 $       {e_Z}$	 & 	 $    {e_{ZI}}$	 & 	 $       {e_N}$	 & 	 $       {e_D}$\\
\midrule \endfirsthead 
\caption{(continued)}\\
 \toprule \\ 
$         $	 & 	 $       {e_g}$	 & 	 $       {e_Z}$	 & 	 $    {e_{ZI}}$	 & 	 $       {e_N}$	 & 	 $       {e_D}$\\
\midrule \endhead 
\midrule \multicolumn{6}{r}{(Continued on next page)} \\ \bottomrule \endfoot 
\bottomrule \endlastfoot 
$Y_obs    $	 & 	        5.17	 & 	       19.00	 & 	        3.41	 & 	       14.75	 & 	       57.67 \\ 
$Y_N_obs  $	 & 	       13.07	 & 	       16.64	 & 	        4.89	 & 	       33.05	 & 	       32.34 \\ 
$I_obs    $	 & 	        1.26	 & 	        4.23	 & 	       36.77	 & 	        3.14	 & 	       54.61 \\ 
$p_I_obs  $	 & 	        0.05	 & 	        7.70	 & 	       40.41	 & 	        0.12	 & 	       51.71 \\ 
$C_obs    $	 & 	        6.37	 & 	       35.04	 & 	        2.87	 & 	       18.55	 & 	       37.18 \\ 
$N_obs    $	 & 	        0.16	 & 	        2.48	 & 	        0.09	 & 	       81.92	 & 	       15.34 \\ 
$log_Y    $	 & 	        1.38	 & 	       33.57	 & 	        0.82	 & 	       18.10	 & 	       46.13 \\ 
$log_Y_N  $	 & 	        1.10	 & 	       31.56	 & 	        1.23	 & 	       37.15	 & 	       28.96 \\ 
$log_I    $	 & 	        0.02	 & 	       18.23	 & 	       10.20	 & 	        4.62	 & 	       66.93 \\ 
$log_p_I  $	 & 	        0.02	 & 	       64.07	 & 	       24.53	 & 	        0.03	 & 	       11.35 \\ 
$log_C    $	 & 	        3.42	 & 	       42.15	 & 	        0.92	 & 	       28.41	 & 	       25.09 \\ 
$log_N    $	 & 	        0.19	 & 	        3.22	 & 	        0.01	 & 	       87.28	 & 	        9.30 \\ 
\end{longtable}
 \end{center}
% End of TeX file.
