% 23-Feb-2024 14:54:37, created by display_conditional_variance_decomposition.m 
 
\begin{center}
\begin{longtable}{lccccc} 
\caption{CONDITIONAL VARIANCE DECOMPOSITION (in percent); Period 40}\\
 \label{Table:th_var_decomp_cond_h40}\\
\toprule 
$         $	 & 	 $       {e_g}$	 & 	 $       {e_Z}$	 & 	 $    {e_{ZI}}$	 & 	 $       {e_N}$	 & 	 $       {e_D}$\\
\midrule \endfirsthead 
\caption{(continued)}\\
 \toprule \\ 
$         $	 & 	 $       {e_g}$	 & 	 $       {e_Z}$	 & 	 $    {e_{ZI}}$	 & 	 $       {e_N}$	 & 	 $       {e_D}$\\
\midrule \endhead 
\midrule \multicolumn{6}{r}{(Continued on next page)} \\ \bottomrule \endfoot 
\bottomrule \endlastfoot 
$Y_obs    $	 & 	        5.15	 & 	       18.98	 & 	        3.39	 & 	       14.67	 & 	       57.82 \\ 
$Y_N_obs  $	 & 	       13.03	 & 	       16.65	 & 	        4.87	 & 	       32.93	 & 	       32.52 \\ 
$I_obs    $	 & 	        1.24	 & 	        4.19	 & 	       36.39	 & 	        3.11	 & 	       55.07 \\ 
$p_I_obs  $	 & 	        0.05	 & 	        7.71	 & 	       40.41	 & 	        0.12	 & 	       51.70 \\ 
$C_obs    $	 & 	        6.37	 & 	       35.09	 & 	        2.86	 & 	       18.51	 & 	       37.17 \\ 
$N_obs    $	 & 	        0.16	 & 	        2.49	 & 	        0.09	 & 	       81.82	 & 	       15.43 \\ 
$log_Y    $	 & 	        0.96	 & 	       56.07	 & 	        0.21	 & 	       23.16	 & 	       19.59 \\ 
$log_Y_N  $	 & 	        0.74	 & 	       51.47	 & 	        0.29	 & 	       35.10	 & 	       12.40 \\ 
$log_I    $	 & 	        0.01	 & 	       53.33	 & 	        3.51	 & 	        7.98	 & 	       35.17 \\ 
$log_p_I  $	 & 	        0.01	 & 	       93.44	 & 	        4.38	 & 	        0.01	 & 	        2.15 \\ 
$log_C    $	 & 	        2.07	 & 	       53.05	 & 	        0.24	 & 	       32.33	 & 	       12.31 \\ 
$log_N    $	 & 	        0.12	 & 	        4.89	 & 	        0.01	 & 	       91.50	 & 	        3.48 \\ 
\end{longtable}
 \end{center}
% End of TeX file.
