% 19-Feb-2024 15:05:47, created by display_conditional_variance_decomposition.m 
 
\begin{center}
\begin{longtable}{lccccc} 
\caption{CONDITIONAL VARIANCE DECOMPOSITION (in percent); Period 40}\\
 \label{Table:th_var_decomp_cond_h40}\\
\toprule 
$         $	 & 	 $       {e_g}$	 & 	 $       {e_Z}$	 & 	 $    {e_{ZI}}$	 & 	 $       {e_N}$	 & 	 $       {e_D}$\\
\midrule \endfirsthead 
\caption{(continued)}\\
 \toprule \\ 
$         $	 & 	 $       {e_g}$	 & 	 $       {e_Z}$	 & 	 $    {e_{ZI}}$	 & 	 $       {e_N}$	 & 	 $       {e_D}$\\
\midrule \endhead 
\midrule \multicolumn{6}{r}{(Continued on next page)} \\ \bottomrule \endfoot 
\bottomrule \endlastfoot 
$Y_obs    $	 & 	        5.11	 & 	       19.65	 & 	        3.23	 & 	       13.84	 & 	       58.17 \\ 
$Y_N_obs  $	 & 	       13.13	 & 	       17.35	 & 	        4.66	 & 	       31.51	 & 	       33.35 \\ 
$I_obs    $	 & 	        1.33	 & 	        4.52	 & 	       35.71	 & 	        3.30	 & 	       55.13 \\ 
$p_I_obs  $	 & 	        0.09	 & 	        7.74	 & 	       39.34	 & 	        0.26	 & 	       52.56 \\ 
$C_obs    $	 & 	        6.22	 & 	       35.64	 & 	        2.90	 & 	       16.99	 & 	       38.25 \\ 
$N_obs    $	 & 	        0.17	 & 	        2.75	 & 	        0.10	 & 	       80.81	 & 	       16.18 \\ 
$log_Y    $	 & 	        0.94	 & 	       57.81	 & 	        0.20	 & 	       21.78	 & 	       19.27 \\ 
$log_Y_N  $	 & 	        0.74	 & 	       53.75	 & 	        0.28	 & 	       32.79	 & 	       12.45 \\ 
$log_I    $	 & 	        0.00	 & 	       54.91	 & 	        3.31	 & 	        8.30	 & 	       33.47 \\ 
$log_p_I  $	 & 	        0.01	 & 	       93.63	 & 	        4.20	 & 	        0.01	 & 	        2.14 \\ 
$log_C    $	 & 	        2.14	 & 	       55.13	 & 	        0.24	 & 	       29.95	 & 	       12.53 \\ 
$log_N    $	 & 	        0.13	 & 	        5.49	 & 	        0.01	 & 	       90.72	 & 	        3.66 \\ 
\end{longtable}
 \end{center}
% End of TeX file.
