% 23-Feb-2024 14:54:37, created by disp_th_moments.m 
 
\begin{center}
\begin{longtable}{lcccccccccccc} 
\caption{MATRIX OF CORRELATIONS}\\
 \label{Table:th_corr_matrix}\\
\toprule 
$Variables  $	 & 	 $      Y\_obs$	 & 	 $  Y\_N\_obs$	 & 	 $      I\_obs$	 & 	 $  p\_I\_obs$	 & 	 $      C\_obs$	 & 	 $      N\_obs$	 & 	 $      log\_Y$	 & 	 $  log\_Y\_N$	 & 	 $      log\_I$	 & 	 $  log\_p\_I$	 & 	 $      log\_C$	 & 	 $      log\_N$\\
\midrule \endfirsthead 
\caption{(continued)}\\
 \toprule \\ 
$Variables  $	 & 	 $      Y\_obs$	 & 	 $  Y\_N\_obs$	 & 	 $      I\_obs$	 & 	 $  p\_I\_obs$	 & 	 $      C\_obs$	 & 	 $      N\_obs$	 & 	 $      log\_Y$	 & 	 $  log\_Y\_N$	 & 	 $      log\_I$	 & 	 $  log\_p\_I$	 & 	 $      log\_C$	 & 	 $      log\_N$\\
\midrule \endhead 
\midrule \multicolumn{13}{r}{(Continued on next page)} \\ \bottomrule \endfoot 
\bottomrule \endlastfoot 
$Y\_obs     $	 & 	       1.0000	 & 	       0.5134	 & 	       0.7795	 & 	       0.2616	 & 	       0.8956	 & 	       0.7085	 & 	       0.0083	 & 	       0.0020	 & 	       0.0131	 & 	       0.0078	 & 	       0.0067	 & 	       0.0128 \\ 
$Y\_N\_obs  $	 & 	       0.5134	 & 	       1.0000	 & 	       0.5198	 & 	       0.0876	 & 	       0.3748	 & 	      -0.2418	 & 	       0.0047	 & 	       0.0078	 & 	       0.0092	 & 	       0.0043	 & 	       0.0032	 & 	      -0.0012 \\ 
$I\_obs     $	 & 	       0.7795	 & 	       0.5198	 & 	       1.0000	 & 	      -0.0788	 & 	       0.4195	 & 	       0.4540	 & 	       0.0069	 & 	       0.0040	 & 	       0.0176	 & 	       0.0046	 & 	       0.0032	 & 	       0.0077 \\ 
$p\_I\_obs  $	 & 	       0.2616	 & 	       0.0876	 & 	      -0.0788	 & 	       1.0000	 & 	       0.4352	 & 	       0.2238	 & 	      -0.0005	 & 	      -0.0015	 & 	      -0.0090	 & 	       0.0134	 & 	       0.0024	 & 	       0.0009 \\ 
$C\_obs     $	 & 	       0.8956	 & 	       0.3748	 & 	       0.4195	 & 	       0.4352	 & 	       1.0000	 & 	       0.7044	 & 	       0.0072	 & 	       0.0001	 & 	       0.0065	 & 	       0.0080	 & 	       0.0074	 & 	       0.0130 \\ 
$N\_obs     $	 & 	       0.7085	 & 	      -0.2418	 & 	       0.4540	 & 	       0.2238	 & 	       0.7044	 & 	       1.0000	 & 	       0.0055	 & 	      -0.0041	 & 	       0.0072	 & 	       0.0052	 & 	       0.0049	 & 	       0.0154 \\ 
$log\_Y     $	 & 	       0.0083	 & 	       0.0047	 & 	       0.0069	 & 	      -0.0005	 & 	       0.0072	 & 	       0.0055	 & 	       1.0000	 & 	       0.8572	 & 	       0.9939	 & 	      -0.9571	 & 	       0.9993	 & 	       0.7530 \\ 
$log\_Y\_N  $	 & 	       0.0020	 & 	       0.0078	 & 	       0.0040	 & 	      -0.0015	 & 	       0.0001	 & 	      -0.0041	 & 	       0.8572	 & 	       1.0000	 & 	       0.8982	 & 	      -0.9649	 & 	       0.8405	 & 	       0.3066 \\ 
$log\_I     $	 & 	       0.0131	 & 	       0.0092	 & 	       0.0176	 & 	      -0.0090	 & 	       0.0065	 & 	       0.0072	 & 	       0.9939	 & 	       0.8982	 & 	       1.0000	 & 	      -0.9763	 & 	       0.9889	 & 	       0.6894 \\ 
$log\_p\_I  $	 & 	       0.0078	 & 	       0.0043	 & 	       0.0046	 & 	       0.0134	 & 	       0.0080	 & 	       0.0052	 & 	      -0.9571	 & 	      -0.9649	 & 	      -0.9763	 & 	       1.0000	 & 	      -0.9477	 & 	      -0.5362 \\ 
$log\_C     $	 & 	       0.0067	 & 	       0.0032	 & 	       0.0032	 & 	       0.0024	 & 	       0.0074	 & 	       0.0049	 & 	       0.9993	 & 	       0.8405	 & 	       0.9889	 & 	      -0.9477	 & 	       1.0000	 & 	       0.7730 \\ 
$log\_N     $	 & 	       0.0128	 & 	      -0.0012	 & 	       0.0077	 & 	       0.0009	 & 	       0.0130	 & 	       0.0154	 & 	       0.7530	 & 	       0.3066	 & 	       0.6894	 & 	      -0.5362	 & 	       0.7730	 & 	       1.0000 \\ 
\end{longtable}
 \end{center}
% End of TeX file.
