% 19-Feb-2024 15:05:47, created by display_conditional_variance_decomposition.m 
 
\begin{center}
\begin{longtable}{lccccc} 
\caption{CONDITIONAL VARIANCE DECOMPOSITION (in percent); Period 4}\\
 \label{Table:th_var_decomp_cond_h4}\\
\toprule 
$         $	 & 	 $       {e_g}$	 & 	 $       {e_Z}$	 & 	 $    {e_{ZI}}$	 & 	 $       {e_N}$	 & 	 $       {e_D}$\\
\midrule \endfirsthead 
\caption{(continued)}\\
 \toprule \\ 
$         $	 & 	 $       {e_g}$	 & 	 $       {e_Z}$	 & 	 $    {e_{ZI}}$	 & 	 $       {e_N}$	 & 	 $       {e_D}$\\
\midrule \endhead 
\midrule \multicolumn{6}{r}{(Continued on next page)} \\ \bottomrule \endfoot 
\bottomrule \endlastfoot 
$Y_obs    $	 & 	        5.16	 & 	       19.70	 & 	        3.23	 & 	       13.98	 & 	       57.93 \\ 
$Y_N_obs  $	 & 	       13.22	 & 	       17.32	 & 	        4.64	 & 	       31.73	 & 	       33.08 \\ 
$I_obs    $	 & 	        1.37	 & 	        4.27	 & 	       36.16	 & 	        3.40	 & 	       54.80 \\ 
$p_I_obs  $	 & 	        0.09	 & 	        7.26	 & 	       39.02	 & 	        0.27	 & 	       53.36 \\ 
$C_obs    $	 & 	        6.23	 & 	       35.62	 & 	        2.81	 & 	       17.05	 & 	       38.29 \\ 
$N_obs    $	 & 	        0.17	 & 	        2.74	 & 	        0.10	 & 	       80.99	 & 	       16.01 \\ 
$log_Y    $	 & 	        1.37	 & 	       28.25	 & 	        1.33	 & 	       15.92	 & 	       53.13 \\ 
$log_Y_N  $	 & 	        1.15	 & 	       26.68	 & 	        2.12	 & 	       35.71	 & 	       34.35 \\ 
$log_I    $	 & 	        0.02	 & 	        8.50	 & 	       16.63	 & 	        4.34	 & 	       70.52 \\ 
$log_p_I  $	 & 	        0.05	 & 	       33.81	 & 	       44.92	 & 	        0.11	 & 	       21.11 \\ 
$log_C    $	 & 	        3.33	 & 	       43.04	 & 	        1.70	 & 	       23.29	 & 	       28.65 \\ 
$log_N    $	 & 	        0.20	 & 	        3.26	 & 	        0.02	 & 	       84.61	 & 	       11.91 \\ 
\end{longtable}
 \end{center}
% End of TeX file.
