% 26-Feb-2024 14:07:51, created by display_conditional_variance_decomposition.m 
 
\begin{center}
\begin{longtable}{lccccc} 
\caption{CONDITIONAL VARIANCE DECOMPOSITION (in percent); Period 1}\\
 \label{Table:th_var_decomp_cond_h1}\\
\toprule 
$         $	 & 	 $       {e_g}$	 & 	 $       {e_Z}$	 & 	 $    {e_{ZI}}$	 & 	 $       {e_N}$	 & 	 $       {e_D}$\\
\midrule \endfirsthead 
\caption{(continued)}\\
 \toprule \\ 
$         $	 & 	 $       {e_g}$	 & 	 $       {e_Z}$	 & 	 $    {e_{ZI}}$	 & 	 $       {e_N}$	 & 	 $       {e_D}$\\
\midrule \endhead 
\midrule \multicolumn{6}{r}{(Continued on next page)} \\ \bottomrule \endfoot 
\bottomrule \endlastfoot 
$Y_obs    $	 & 	        5.23	 & 	       18.89	 & 	        2.93	 & 	       15.04	 & 	       57.91 \\ 
$Y_N_obs  $	 & 	       13.20	 & 	       16.29	 & 	        4.27	 & 	       33.64	 & 	       32.60 \\ 
$I_obs    $	 & 	        1.31	 & 	        0.25	 & 	       35.65	 & 	        3.60	 & 	       59.20 \\ 
$p_I_obs  $	 & 	        0.05	 & 	        4.57	 & 	       49.59	 & 	        0.11	 & 	       45.68 \\ 
$C_obs    $	 & 	        6.64	 & 	       36.30	 & 	        2.31	 & 	       19.34	 & 	       35.42 \\ 
$N_obs    $	 & 	        0.16	 & 	        2.48	 & 	        0.05	 & 	       82.38	 & 	       14.93 \\ 
$log_Y    $	 & 	        1.18	 & 	       19.69	 & 	        3.06	 & 	       15.68	 & 	       60.38 \\ 
$log_Y_N  $	 & 	        1.06	 & 	       18.57	 & 	        4.87	 & 	       38.35	 & 	       37.16 \\ 
$log_I    $	 & 	        0.10	 & 	        0.25	 & 	       36.08	 & 	        3.64	 & 	       59.92 \\ 
$log_p_I  $	 & 	        0.05	 & 	        4.57	 & 	       49.59	 & 	        0.11	 & 	       45.68 \\ 
$log_C    $	 & 	        1.91	 & 	       38.14	 & 	        2.42	 & 	       20.32	 & 	       37.21 \\ 
$log_N    $	 & 	        0.16	 & 	        2.48	 & 	        0.05	 & 	       82.38	 & 	       14.93 \\ 
\end{longtable}
 \end{center}
% End of TeX file.
