% 06-Nov-2023 17:57:19, created by display_conditional_variance_decomposition.m 
 
\begin{center}
\begin{longtable}{lccccc} 
\caption{CONDITIONAL VARIANCE DECOMPOSITION (in percent); Period 1}\\
 \label{Table:th_var_decomp_cond_h1}\\
\toprule 
$              $	 & 	 $     e\_ZI$	 & 	 $      e\_Z$	 & 	 $   e\_shop$	 & 	 $   e\_zeta$	 & 	 $    e\_chi$\\
\midrule \endfirsthead 
\caption{(continued)}\\
 \toprule \\ 
$              $	 & 	 $     e\_ZI$	 & 	 $      e\_Z$	 & 	 $   e\_shop$	 & 	 $   e\_zeta$	 & 	 $    e\_chi$\\
\midrule \endhead 
\midrule \multicolumn{6}{r}{(Continued on next page)} \\ \bottomrule \endfoot 
\bottomrule \endlastfoot 
$C_obs         $	 & 	       0.62	 & 	      30.93	 & 	      13.24	 & 	       0.02	 & 	      55.20 \\ 
$Y_obs         $	 & 	       4.49	 & 	       2.86	 & 	       1.01	 & 	       0.03	 & 	      91.61 \\ 
$D             $	 & 	      28.45	 & 	       7.85	 & 	       8.81	 & 	       0.57	 & 	      54.33 \\ 
$lab_prod_obs  $	 & 	       0.57	 & 	      26.14	 & 	      30.70	 & 	       0.00	 & 	      42.59 \\ 
$SR_obs        $	 & 	       4.56	 & 	      46.06	 & 	      46.97	 & 	       0.01	 & 	       2.41 \\ 
$cu            $	 & 	       0.24	 & 	       0.49	 & 	      96.29	 & 	       0.03	 & 	       2.96 \\ 
$TI_obs        $	 & 	      12.57	 & 	       2.26	 & 	      15.71	 & 	       0.13	 & 	      69.34 \\ 
$L_C           $	 & 	       0.81	 & 	       0.01	 & 	      79.80	 & 	       0.01	 & 	      19.36 \\ 
$L_I           $	 & 	       3.16	 & 	       5.46	 & 	       6.79	 & 	       0.04	 & 	      84.55 \\ 
$L             $	 & 	       0.74	 & 	       3.42	 & 	       6.28	 & 	       0.02	 & 	      89.55 \\ 
$p_I_obs       $	 & 	      69.47	 & 	       0.26	 & 	      23.74	 & 	       0.00	 & 	       6.52 \\ 
$Gamma_C       $	 & 	       0.01	 & 	       0.35	 & 	      99.02	 & 	       0.00	 & 	       0.62 \\ 
$Gamma_I       $	 & 	       0.53	 & 	       0.92	 & 	      83.52	 & 	       0.72	 & 	      14.30 \\ 
\end{longtable}
 \end{center}
% End of TeX file.
