% 06-Nov-2023 17:57:19, created by display_conditional_variance_decomposition.m 
 
\begin{center}
\begin{longtable}{lccccc} 
\caption{CONDITIONAL VARIANCE DECOMPOSITION (in percent); Period 8}\\
 \label{Table:th_var_decomp_cond_h8}\\
\toprule 
$              $	 & 	 $     e\_ZI$	 & 	 $      e\_Z$	 & 	 $   e\_shop$	 & 	 $   e\_zeta$	 & 	 $    e\_chi$\\
\midrule \endfirsthead 
\caption{(continued)}\\
 \toprule \\ 
$              $	 & 	 $     e\_ZI$	 & 	 $      e\_Z$	 & 	 $   e\_shop$	 & 	 $   e\_zeta$	 & 	 $    e\_chi$\\
\midrule \endhead 
\midrule \multicolumn{6}{r}{(Continued on next page)} \\ \bottomrule \endfoot 
\bottomrule \endlastfoot 
$C_obs         $	 & 	       0.25	 & 	      34.73	 & 	       7.88	 & 	       0.01	 & 	      57.13 \\ 
$Y_obs         $	 & 	       3.46	 & 	      21.94	 & 	       2.06	 & 	       0.01	 & 	      72.52 \\ 
$D             $	 & 	      11.25	 & 	      57.15	 & 	       7.10	 & 	       0.10	 & 	      24.40 \\ 
$lab_prod_obs  $	 & 	       0.74	 & 	      41.51	 & 	      37.74	 & 	       0.00	 & 	      20.01 \\ 
$SR_obs        $	 & 	       1.53	 & 	      72.77	 & 	      22.80	 & 	       0.00	 & 	       2.89 \\ 
$cu            $	 & 	       0.13	 & 	       2.29	 & 	      95.88	 & 	       0.01	 & 	       1.69 \\ 
$TI_obs        $	 & 	      10.17	 & 	      13.84	 & 	      17.38	 & 	       0.05	 & 	      58.56 \\ 
$L_C           $	 & 	       0.59	 & 	       1.74	 & 	      83.40	 & 	       0.00	 & 	      14.26 \\ 
$L_I           $	 & 	       2.88	 & 	       3.15	 & 	       7.60	 & 	       0.02	 & 	      86.36 \\ 
$L             $	 & 	       0.56	 & 	       2.57	 & 	      11.54	 & 	       0.01	 & 	      85.33 \\ 
$p_I_obs       $	 & 	      24.03	 & 	      60.67	 & 	      12.37	 & 	       0.00	 & 	       2.92 \\ 
$Gamma_C       $	 & 	       0.00	 & 	       0.36	 & 	      99.05	 & 	       0.00	 & 	       0.59 \\ 
$Gamma_I       $	 & 	       0.35	 & 	       0.38	 & 	      88.56	 & 	       0.25	 & 	      10.46 \\ 
\end{longtable}
 \end{center}
% End of TeX file.
