% 02-Nov-2023 11:30:30, created by disp_th_moments.m 
 
\begin{center}
\begin{longtable}{lccccccc} 
\caption{MATRIX OF CORRELATIONS}\\
 \label{Table:th_corr_matrix}\\
\toprule 
$Variables      $	 & 	 $          C\_obs$	 & 	 $          Y\_obs$	 & 	 $         SR\_obs$	 & 	 $  SR\_util\_obs$	 & 	 $         TI\_obs$	 & 	 $                L$	 & 	 $      p\_I\_obs$\\
\midrule \endfirsthead 
\caption{(continued)}\\
 \toprule \\ 
$Variables      $	 & 	 $          C\_obs$	 & 	 $          Y\_obs$	 & 	 $         SR\_obs$	 & 	 $  SR\_util\_obs$	 & 	 $         TI\_obs$	 & 	 $                L$	 & 	 $      p\_I\_obs$\\
\midrule \endhead 
\midrule \multicolumn{8}{r}{(Continued on next page)} \\ \bottomrule \endfoot 
\bottomrule \endlastfoot 
$C\_obs         $	 & 	           1.0000	 & 	           0.8297	 & 	          -0.4868	 & 	          -0.0811	 & 	           0.3912	 & 	           0.6387	 & 	           0.1341 \\ 
$Y\_obs         $	 & 	           0.8297	 & 	           1.0000	 & 	          -0.0480	 & 	          -0.4482	 & 	           0.8384	 & 	           0.8741	 & 	          -0.0729 \\ 
$SR\_obs        $	 & 	          -0.4868	 & 	          -0.0480	 & 	           1.0000	 & 	          -0.3643	 & 	           0.3963	 & 	           0.2251	 & 	          -0.3983 \\ 
$SR\_util\_obs  $	 & 	          -0.0811	 & 	          -0.4482	 & 	          -0.3643	 & 	           1.0000	 & 	          -0.6596	 & 	          -0.5850	 & 	          -0.3277 \\ 
$TI\_obs        $	 & 	           0.3912	 & 	           0.8384	 & 	           0.3963	 & 	          -0.6596	 & 	           1.0000	 & 	           0.8173	 & 	          -0.2511 \\ 
$L              $	 & 	           0.6387	 & 	           0.8741	 & 	           0.2251	 & 	          -0.5850	 & 	           0.8173	 & 	           1.0000	 & 	          -0.1177 \\ 
$p\_I\_obs      $	 & 	           0.1341	 & 	          -0.0729	 & 	          -0.3983	 & 	          -0.3277	 & 	          -0.2511	 & 	          -0.1177	 & 	           1.0000 \\ 
\end{longtable}
 \end{center}
% End of TeX file.
