% 06-Nov-2023 17:57:19, created by display_conditional_variance_decomposition.m 
 
\begin{center}
\begin{longtable}{lccccc} 
\caption{CONDITIONAL VARIANCE DECOMPOSITION (in percent); Period 4}\\
 \label{Table:th_var_decomp_cond_h4}\\
\toprule 
$              $	 & 	 $     e\_ZI$	 & 	 $      e\_Z$	 & 	 $   e\_shop$	 & 	 $   e\_zeta$	 & 	 $    e\_chi$\\
\midrule \endfirsthead 
\caption{(continued)}\\
 \toprule \\ 
$              $	 & 	 $     e\_ZI$	 & 	 $      e\_Z$	 & 	 $   e\_shop$	 & 	 $   e\_zeta$	 & 	 $    e\_chi$\\
\midrule \endhead 
\midrule \multicolumn{6}{r}{(Continued on next page)} \\ \bottomrule \endfoot 
\bottomrule \endlastfoot 
$C_obs         $	 & 	       0.36	 & 	      32.26	 & 	      10.62	 & 	       0.01	 & 	      56.76 \\ 
$Y_obs         $	 & 	       4.09	 & 	       9.62	 & 	       1.48	 & 	       0.02	 & 	      84.79 \\ 
$D             $	 & 	      19.65	 & 	      31.47	 & 	       8.63	 & 	       0.23	 & 	      40.03 \\ 
$lab_prod_obs  $	 & 	       0.68	 & 	      33.49	 & 	      35.26	 & 	       0.00	 & 	      30.57 \\ 
$SR_obs        $	 & 	       2.70	 & 	      60.62	 & 	      33.97	 & 	       0.00	 & 	       2.71 \\ 
$cu            $	 & 	       0.17	 & 	       1.18	 & 	      96.41	 & 	       0.01	 & 	       2.23 \\ 
$TI_obs        $	 & 	      12.00	 & 	       2.37	 & 	      17.73	 & 	       0.07	 & 	      67.84 \\ 
$L_C           $	 & 	       0.69	 & 	       0.47	 & 	      82.14	 & 	       0.01	 & 	      16.69 \\ 
$L_I           $	 & 	       3.02	 & 	       3.70	 & 	       7.34	 & 	       0.02	 & 	      85.92 \\ 
$L             $	 & 	       0.64	 & 	       2.93	 & 	       8.49	 & 	       0.01	 & 	      87.93 \\ 
$p_I_obs       $	 & 	      50.13	 & 	      23.38	 & 	      21.13	 & 	       0.00	 & 	       5.35 \\ 
$Gamma_C       $	 & 	       0.00	 & 	       0.34	 & 	      99.06	 & 	       0.00	 & 	       0.60 \\ 
$Gamma_I       $	 & 	       0.43	 & 	       0.53	 & 	      86.43	 & 	       0.36	 & 	      12.25 \\ 
\end{longtable}
 \end{center}
% End of TeX file.
