% 27-Feb-2024 10:13:16, created by disp_th_moments.m 
 
\begin{center}
\begin{longtable}{lcccccccccccc} 
\caption{MATRIX OF CORRELATIONS}\\
 \label{Table:th_corr_matrix}\\
\toprule 
$Variables  $	 & 	 $      Y\_obs$	 & 	 $  Y\_N\_obs$	 & 	 $      I\_obs$	 & 	 $  p\_I\_obs$	 & 	 $      C\_obs$	 & 	 $      N\_obs$	 & 	 $      log\_Y$	 & 	 $  log\_Y\_N$	 & 	 $      log\_I$	 & 	 $  log\_p\_I$	 & 	 $      log\_C$	 & 	 $      log\_N$\\
\midrule \endfirsthead 
\caption{(continued)}\\
 \toprule \\ 
$Variables  $	 & 	 $      Y\_obs$	 & 	 $  Y\_N\_obs$	 & 	 $      I\_obs$	 & 	 $  p\_I\_obs$	 & 	 $      C\_obs$	 & 	 $      N\_obs$	 & 	 $      log\_Y$	 & 	 $  log\_Y\_N$	 & 	 $      log\_I$	 & 	 $  log\_p\_I$	 & 	 $      log\_C$	 & 	 $      log\_N$\\
\midrule \endhead 
\midrule \multicolumn{13}{r}{(Continued on next page)} \\ \bottomrule \endfoot 
\bottomrule \endlastfoot 
$Y\_obs     $	 & 	       1.0000	 & 	       0.7394	 & 	       0.7112	 & 	       0.3317	 & 	       0.8463	 & 	       0.4359	 & 	       0.0092	 & 	       0.0044	 & 	       0.0182	 & 	       0.0125	 & 	       0.0064	 & 	       0.0123 \\ 
$Y\_N\_obs  $	 & 	       0.7394	 & 	       1.0000	 & 	       0.4284	 & 	       0.3091	 & 	       0.6995	 & 	      -0.2836	 & 	       0.0076	 & 	       0.0079	 & 	       0.0123	 & 	       0.0096	 & 	       0.0061	 & 	      -0.0022 \\ 
$I\_obs     $	 & 	       0.7112	 & 	       0.4284	 & 	       1.0000	 & 	      -0.1631	 & 	       0.2273	 & 	       0.4402	 & 	       0.0062	 & 	       0.0023	 & 	       0.0240	 & 	       0.0087	 & 	       0.0006	 & 	       0.0102 \\ 
$p\_I\_obs  $	 & 	       0.3317	 & 	       0.3091	 & 	      -0.1631	 & 	       1.0000	 & 	       0.5832	 & 	       0.0593	 & 	      -0.0036	 & 	      -0.0013	 & 	      -0.0249	 & 	       0.0125	 & 	       0.0032	 & 	      -0.0059 \\ 
$C\_obs     $	 & 	       0.8463	 & 	       0.6995	 & 	       0.2273	 & 	       0.5832	 & 	       1.0000	 & 	       0.2702	 & 	       0.0080	 & 	       0.0043	 & 	       0.0070	 & 	       0.0108	 & 	       0.0084	 & 	       0.0094 \\ 
$N\_obs     $	 & 	       0.4359	 & 	      -0.2836	 & 	       0.4402	 & 	       0.0593	 & 	       0.2702	 & 	       1.0000	 & 	       0.0029	 & 	      -0.0044	 & 	       0.0095	 & 	       0.0051	 & 	       0.0009	 & 	       0.0205 \\ 
$log\_Y     $	 & 	       0.0092	 & 	       0.0076	 & 	       0.0062	 & 	      -0.0036	 & 	       0.0080	 & 	       0.0029	 & 	       1.0000	 & 	       0.9377	 & 	       0.9920	 & 	      -0.9728	 & 	       0.9992	 & 	       0.0070 \\ 
$log\_Y\_N  $	 & 	       0.0044	 & 	       0.0079	 & 	       0.0023	 & 	      -0.0013	 & 	       0.0043	 & 	      -0.0044	 & 	       0.9377	 & 	       1.0000	 & 	       0.9491	 & 	      -0.9895	 & 	       0.9310	 & 	      -0.3408 \\ 
$log\_I     $	 & 	       0.0182	 & 	       0.0123	 & 	       0.0240	 & 	      -0.0249	 & 	       0.0070	 & 	       0.0095	 & 	       0.9920	 & 	       0.9491	 & 	       1.0000	 & 	      -0.9759	 & 	       0.9861	 & 	      -0.0475 \\ 
$log\_p\_I  $	 & 	       0.0125	 & 	       0.0096	 & 	       0.0087	 & 	       0.0125	 & 	       0.0108	 & 	       0.0051	 & 	      -0.9728	 & 	      -0.9895	 & 	      -0.9759	 & 	       1.0000	 & 	      -0.9686	 & 	       0.2156 \\ 
$log\_C     $	 & 	       0.0064	 & 	       0.0061	 & 	       0.0006	 & 	       0.0032	 & 	       0.0084	 & 	       0.0009	 & 	       0.9992	 & 	       0.9310	 & 	       0.9861	 & 	      -0.9686	 & 	       1.0000	 & 	       0.0243 \\ 
$log\_N     $	 & 	       0.0123	 & 	      -0.0022	 & 	       0.0102	 & 	      -0.0059	 & 	       0.0094	 & 	       0.0205	 & 	       0.0070	 & 	      -0.3408	 & 	      -0.0475	 & 	       0.2156	 & 	       0.0243	 & 	       1.0000 \\ 
\end{longtable}
 \end{center}
% End of TeX file.
