% 27-Feb-2024 10:13:16, created by display_conditional_variance_decomposition.m 
 
\begin{center}
\begin{longtable}{lccccc} 
\caption{CONDITIONAL VARIANCE DECOMPOSITION (in percent); Period 4}\\
 \label{Table:th_var_decomp_cond_h4}\\
\toprule 
$         $	 & 	 $       {e_g}$	 & 	 $       {e_Z}$	 & 	 $    {e_{ZI}}$	 & 	 $       {e_N}$	 & 	 $       {e_D}$\\
\midrule \endfirsthead 
\caption{(continued)}\\
 \toprule \\ 
$         $	 & 	 $       {e_g}$	 & 	 $       {e_Z}$	 & 	 $    {e_{ZI}}$	 & 	 $       {e_N}$	 & 	 $       {e_D}$\\
\midrule \endhead 
\midrule \multicolumn{6}{r}{(Continued on next page)} \\ \bottomrule \endfoot 
\bottomrule \endlastfoot 
$Y_obs    $	 & 	        8.39	 & 	       27.10	 & 	        4.30	 & 	       10.32	 & 	       49.88 \\ 
$Y_N_obs  $	 & 	        7.65	 & 	       37.35	 & 	        0.76	 & 	       13.78	 & 	       40.46 \\ 
$I_obs    $	 & 	        3.70	 & 	       12.34	 & 	       40.35	 & 	        3.16	 & 	       40.45 \\ 
$p_I_obs  $	 & 	        2.18	 & 	       10.60	 & 	       20.69	 & 	        1.84	 & 	       64.69 \\ 
$C_obs    $	 & 	        7.84	 & 	       39.59	 & 	        4.27	 & 	       10.32	 & 	       37.97 \\ 
$N_obs    $	 & 	        0.28	 & 	        1.78	 & 	        3.76	 & 	       90.51	 & 	        3.68 \\ 
$log_Y    $	 & 	        0.72	 & 	       38.03	 & 	        1.33	 & 	       11.36	 & 	       48.56 \\ 
$log_Y_N  $	 & 	        2.12	 & 	       45.88	 & 	        0.17	 & 	       15.83	 & 	       36.00 \\ 
$log_I    $	 & 	        1.04	 & 	       22.97	 & 	       14.15	 & 	        4.66	 & 	       57.18 \\ 
$log_p_I  $	 & 	        1.16	 & 	       48.75	 & 	       20.88	 & 	        0.84	 & 	       28.36 \\ 
$log_C    $	 & 	        6.06	 & 	       46.69	 & 	        2.75	 & 	       15.68	 & 	       28.83 \\ 
$log_N    $	 & 	        0.43	 & 	        0.36	 & 	        1.25	 & 	       93.05	 & 	        4.90 \\ 
\end{longtable}
 \end{center}
% End of TeX file.
