% 27-Feb-2024 10:13:16, created by display_conditional_variance_decomposition.m 
 
\begin{center}
\begin{longtable}{lccccc} 
\caption{CONDITIONAL VARIANCE DECOMPOSITION (in percent); Period 1}\\
 \label{Table:th_var_decomp_cond_h1}\\
\toprule 
$         $	 & 	 $       {e_g}$	 & 	 $       {e_Z}$	 & 	 $    {e_{ZI}}$	 & 	 $       {e_N}$	 & 	 $       {e_D}$\\
\midrule \endfirsthead 
\caption{(continued)}\\
 \toprule \\ 
$         $	 & 	 $       {e_g}$	 & 	 $       {e_Z}$	 & 	 $    {e_{ZI}}$	 & 	 $       {e_N}$	 & 	 $       {e_D}$\\
\midrule \endhead 
\midrule \multicolumn{6}{r}{(Continued on next page)} \\ \bottomrule \endfoot 
\bottomrule \endlastfoot 
$Y_obs    $	 & 	        8.45	 & 	       26.80	 & 	        3.49	 & 	       10.53	 & 	       50.73 \\ 
$Y_N_obs  $	 & 	        7.72	 & 	       37.67	 & 	        0.49	 & 	       13.91	 & 	       40.21 \\ 
$I_obs    $	 & 	        3.78	 & 	        2.14	 & 	       46.47	 & 	        4.10	 & 	       43.52 \\ 
$p_I_obs  $	 & 	        2.44	 & 	        3.99	 & 	       24.16	 & 	        1.94	 & 	       67.47 \\ 
$C_obs    $	 & 	        8.48	 & 	       41.95	 & 	        2.98	 & 	       11.19	 & 	       35.40 \\ 
$N_obs    $	 & 	        0.16	 & 	        0.80	 & 	        2.97	 & 	       93.48	 & 	        2.59 \\ 
$log_Y    $	 & 	        0.87	 & 	       29.02	 & 	        3.78	 & 	       11.41	 & 	       54.93 \\ 
$log_Y_N  $	 & 	        1.65	 & 	       40.15	 & 	        0.52	 & 	       14.83	 & 	       42.85 \\ 
$log_I    $	 & 	        0.07	 & 	        2.22	 & 	       48.26	 & 	        4.25	 & 	       45.20 \\ 
$log_p_I  $	 & 	        2.44	 & 	        3.99	 & 	       24.16	 & 	        1.94	 & 	       67.47 \\ 
$log_C    $	 & 	        2.25	 & 	       44.81	 & 	        3.18	 & 	       11.96	 & 	       37.81 \\ 
$log_N    $	 & 	        0.16	 & 	        0.80	 & 	        2.97	 & 	       93.48	 & 	        2.59 \\ 
\end{longtable}
 \end{center}
% End of TeX file.
