% 27-Feb-2024 10:13:16, created by display_conditional_variance_decomposition.m 
 
\begin{center}
\begin{longtable}{lccccc} 
\caption{CONDITIONAL VARIANCE DECOMPOSITION (in percent); Period 8}\\
 \label{Table:th_var_decomp_cond_h8}\\
\toprule 
$         $	 & 	 $       {e_g}$	 & 	 $       {e_Z}$	 & 	 $    {e_{ZI}}$	 & 	 $       {e_N}$	 & 	 $       {e_D}$\\
\midrule \endfirsthead 
\caption{(continued)}\\
 \toprule \\ 
$         $	 & 	 $       {e_g}$	 & 	 $       {e_Z}$	 & 	 $    {e_{ZI}}$	 & 	 $       {e_N}$	 & 	 $       {e_D}$\\
\midrule \endhead 
\midrule \multicolumn{6}{r}{(Continued on next page)} \\ \bottomrule \endfoot 
\bottomrule \endlastfoot 
$Y_obs    $	 & 	        8.36	 & 	       27.04	 & 	        4.30	 & 	       10.28	 & 	       50.01 \\ 
$Y_N_obs  $	 & 	        7.65	 & 	       37.33	 & 	        0.76	 & 	       13.76	 & 	       40.50 \\ 
$I_obs    $	 & 	        3.65	 & 	       12.23	 & 	       40.08	 & 	        3.12	 & 	       40.91 \\ 
$p_I_obs  $	 & 	        2.17	 & 	       10.72	 & 	       20.86	 & 	        1.83	 & 	       64.43 \\ 
$C_obs    $	 & 	        7.85	 & 	       39.58	 & 	        4.33	 & 	       10.32	 & 	       37.92 \\ 
$N_obs    $	 & 	        0.28	 & 	        1.78	 & 	        3.79	 & 	       90.34	 & 	        3.81 \\ 
$log_Y    $	 & 	        0.64	 & 	       44.72	 & 	        0.70	 & 	       11.93	 & 	       42.01 \\ 
$log_Y_N  $	 & 	        2.00	 & 	       50.50	 & 	        0.12	 & 	       15.62	 & 	       31.76 \\ 
$log_I    $	 & 	        1.13	 & 	       36.17	 & 	        7.50	 & 	        4.98	 & 	       50.22 \\ 
$log_p_I  $	 & 	        0.71	 & 	       73.66	 & 	       10.14	 & 	        0.48	 & 	       15.02 \\ 
$log_C    $	 & 	        6.50	 & 	       46.64	 & 	        1.59	 & 	       18.18	 & 	       27.09 \\ 
$log_N    $	 & 	        0.44	 & 	        0.42	 & 	        0.64	 & 	       94.56	 & 	        3.94 \\ 
\end{longtable}
 \end{center}
% End of TeX file.
