% 11-Mar-2024 11:46:11, created by disp_th_moments.m 
 
\begin{center}
\begin{longtable}{lccccccccccccccccccccc} 
\caption{MATRIX OF CORRELATIONS}\\
 \label{Table:th_corr_matrix}\\
\toprule 
$Variables  $	 & 	 $      Y\_obs$	 & 	 $  Y\_N\_obs$	 & 	 $     SR\_obs$	 & 	 $      I\_obs$	 & 	 $  p\_I\_obs$	 & 	 $      C\_obs$	 & 	 $     NC\_obs$	 & 	 $     NI\_obs$	 & 	 $   util\_obs$	 & 	 $      D\_obs$	 & 	 $      log\_Y$	 & 	 $  log\_Y\_N$	 & 	 $     log\_SR$	 & 	 $      log\_I$	 & 	 $  log\_p\_I$	 & 	 $      log\_C$	 & 	 $      log\_N$	 & 	 $     log\_NC$	 & 	 $     log\_NI$	 & 	 $   log\_util$	 & 	 $      log\_D$\\
\midrule \endfirsthead 
\caption{(continued)}\\
 \toprule \\ 
$Variables  $	 & 	 $      Y\_obs$	 & 	 $  Y\_N\_obs$	 & 	 $     SR\_obs$	 & 	 $      I\_obs$	 & 	 $  p\_I\_obs$	 & 	 $      C\_obs$	 & 	 $     NC\_obs$	 & 	 $     NI\_obs$	 & 	 $   util\_obs$	 & 	 $      D\_obs$	 & 	 $      log\_Y$	 & 	 $  log\_Y\_N$	 & 	 $     log\_SR$	 & 	 $      log\_I$	 & 	 $  log\_p\_I$	 & 	 $      log\_C$	 & 	 $      log\_N$	 & 	 $     log\_NC$	 & 	 $     log\_NI$	 & 	 $   log\_util$	 & 	 $      log\_D$\\
\midrule \endhead 
\midrule \multicolumn{22}{r}{(Continued on next page)} \\ \bottomrule \endfoot 
\bottomrule \endlastfoot 
$Y\_obs     $	 & 	       1.0000	 & 	       0.8959	 & 	       0.9368	 & 	       0.9906	 & 	       0.1847	 & 	       0.9975	 & 	      -0.5076	 & 	       0.5590	 & 	       0.9763	 & 	       0.8923	 & 	       0.0302	 & 	       0.0581	 & 	       0.1363	 & 	       0.0624	 & 	       0.2741	 & 	       0.0170	 & 	      -0.2466	 & 	      -0.7958	 & 	       0.0512	 & 	       0.0982	 & 	       0.1018 \\ 
$Y\_N\_obs  $	 & 	       0.8959	 & 	       1.0000	 & 	       0.9925	 & 	       0.8431	 & 	       0.5713	 & 	       0.9164	 & 	      -0.8365	 & 	       0.1429	 & 	       0.9682	 & 	       0.9996	 & 	       0.0119	 & 	       0.0416	 & 	       0.0879	 & 	       0.0294	 & 	       0.3841	 & 	       0.0048	 & 	      -0.2721	 & 	      -0.7194	 & 	       0.0038	 & 	       0.0584	 & 	       0.0707 \\ 
$SR\_obs    $	 & 	       0.9368	 & 	       0.9925	 & 	       1.0000	 & 	       0.8956	 & 	       0.4860	 & 	       0.9511	 & 	      -0.7731	 & 	       0.2493	 & 	       0.9901	 & 	       0.9930	 & 	      -0.0158	 & 	       0.0183	 & 	       0.0569	 & 	      -0.0070	 & 	       0.4172	 & 	      -0.0189	 & 	      -0.3270	 & 	      -0.7231	 & 	      -0.0424	 & 	       0.0274	 & 	       0.0445 \\ 
$I\_obs     $	 & 	       0.9906	 & 	       0.8431	 & 	       0.8956	 & 	       1.0000	 & 	       0.1136	 & 	       0.9785	 & 	      -0.4230	 & 	       0.6524	 & 	       0.9478	 & 	       0.8400	 & 	       0.0077	 & 	       0.0363	 & 	       0.1129	 & 	       0.0361	 & 	       0.2728	 & 	      -0.0036	 & 	      -0.2645	 & 	      -0.7638	 & 	       0.0251	 & 	       0.0747	 & 	       0.0790 \\ 
$p\_I\_obs  $	 & 	       0.1847	 & 	       0.5713	 & 	       0.4860	 & 	       0.1136	 & 	       1.0000	 & 	       0.2198	 & 	      -0.8952	 & 	      -0.5809	 & 	       0.3705	 & 	       0.5754	 & 	      -0.0159	 & 	      -0.0047	 & 	      -0.0223	 & 	      -0.0240	 & 	       0.3060	 & 	      -0.0124	 & 	      -0.1128	 & 	      -0.1611	 & 	      -0.0440	 & 	      -0.0229	 & 	      -0.0102 \\ 
$C\_obs     $	 & 	       0.9975	 & 	       0.9164	 & 	       0.9511	 & 	       0.9785	 & 	       0.2198	 & 	       1.0000	 & 	      -0.5472	 & 	       0.5071	 & 	       0.9838	 & 	       0.9126	 & 	       0.0416	 & 	       0.0689	 & 	       0.1474	 & 	       0.0754	 & 	       0.2728	 & 	       0.0275	 & 	      -0.2357	 & 	      -0.8063	 & 	       0.0642	 & 	       0.1095	 & 	       0.1128 \\ 
$NC\_obs    $	 & 	      -0.5076	 & 	      -0.8365	 & 	      -0.7731	 & 	      -0.4230	 & 	      -0.8952	 & 	      -0.5472	 & 	       1.0000	 & 	       0.3962	 & 	      -0.6774	 & 	      -0.8406	 & 	       0.0290	 & 	       0.0047	 & 	       0.0141	 & 	       0.0379	 & 	      -0.4255	 & 	       0.0249	 & 	       0.2419	 & 	       0.4029	 & 	       0.0753	 & 	       0.0241	 & 	       0.0034 \\ 
$NI\_obs    $	 & 	       0.5590	 & 	       0.1429	 & 	       0.2493	 & 	       0.6524	 & 	      -0.5809	 & 	       0.5071	 & 	       0.3962	 & 	       1.0000	 & 	       0.3791	 & 	       0.1377	 & 	      -0.0024	 & 	       0.0082	 & 	       0.0849	 & 	       0.0259	 & 	      -0.0405	 & 	      -0.0134	 & 	      -0.1007	 & 	      -0.3905	 & 	       0.0427	 & 	       0.0560	 & 	       0.0461 \\ 
$util\_obs  $	 & 	       0.9763	 & 	       0.9682	 & 	       0.9901	 & 	       0.9478	 & 	       0.3705	 & 	       0.9838	 & 	      -0.6774	 & 	       0.3791	 & 	       1.0000	 & 	       0.9674	 & 	      -0.0054	 & 	       0.0277	 & 	       0.0789	 & 	       0.0098	 & 	       0.3786	 & 	      -0.0113	 & 	      -0.3133	 & 	      -0.7564	 & 	      -0.0196	 & 	       0.0460	 & 	       0.0596 \\ 
$D\_obs     $	 & 	       0.8923	 & 	       0.9996	 & 	       0.9930	 & 	       0.8400	 & 	       0.5754	 & 	       0.9126	 & 	      -0.8406	 & 	       0.1377	 & 	       0.9674	 & 	       1.0000	 & 	      -0.0045	 & 	       0.0273	 & 	       0.0650	 & 	       0.0065	 & 	       0.4113	 & 	      -0.0086	 & 	      -0.2998	 & 	      -0.7030	 & 	      -0.0256	 & 	       0.0370	 & 	       0.0527 \\ 
$log\_Y     $	 & 	       0.0302	 & 	       0.0119	 & 	      -0.0158	 & 	       0.0077	 & 	      -0.0159	 & 	       0.0416	 & 	       0.0290	 & 	      -0.0024	 & 	      -0.0054	 & 	      -0.0045	 & 	       1.0000	 & 	       0.9958	 & 	       0.9532	 & 	       0.9571	 & 	      -0.5889	 & 	       0.9936	 & 	       0.5143	 & 	      -0.5990	 & 	       0.6437	 & 	       0.9743	 & 	       0.9956 \\ 
$log\_Y\_N  $	 & 	       0.0581	 & 	       0.0416	 & 	       0.0183	 & 	       0.0363	 & 	      -0.0047	 & 	       0.0689	 & 	       0.0047	 & 	       0.0082	 & 	       0.0277	 & 	       0.0273	 & 	       0.9958	 & 	       1.0000	 & 	       0.9276	 & 	       0.9290	 & 	      -0.5151	 & 	       0.9988	 & 	       0.4336	 & 	      -0.6030	 & 	       0.5753	 & 	       0.9534	 & 	       0.9882 \\ 
$log\_SR    $	 & 	       0.1363	 & 	       0.0879	 & 	       0.0569	 & 	       0.1129	 & 	      -0.0223	 & 	       0.1474	 & 	       0.0141	 & 	       0.0849	 & 	       0.0789	 & 	       0.0650	 & 	       0.9532	 & 	       0.9276	 & 	       1.0000	 & 	       0.9969	 & 	      -0.7365	 & 	       0.9142	 & 	       0.6923	 & 	      -0.7030	 & 	       0.8323	 & 	       0.9967	 & 	       0.9737 \\ 
$log\_I     $	 & 	       0.0624	 & 	       0.0294	 & 	      -0.0070	 & 	       0.0361	 & 	      -0.0240	 & 	       0.0754	 & 	       0.0379	 & 	       0.0259	 & 	       0.0098	 & 	       0.0065	 & 	       0.9571	 & 	       0.9290	 & 	       0.9969	 & 	       1.0000	 & 	      -0.7608	 & 	       0.9183	 & 	       0.7182	 & 	      -0.6504	 & 	       0.8372	 & 	       0.9963	 & 	       0.9725 \\ 
$log\_p\_I  $	 & 	       0.2741	 & 	       0.3841	 & 	       0.4172	 & 	       0.2728	 & 	       0.3060	 & 	       0.2728	 & 	      -0.4255	 & 	      -0.0405	 & 	       0.3786	 & 	       0.4113	 & 	      -0.5889	 & 	      -0.5151	 & 	      -0.7365	 & 	      -0.7608	 & 	       1.0000	 & 	      -0.5083	 & 	      -0.9710	 & 	       0.2417	 & 	      -0.9199	 & 	      -0.7105	 & 	      -0.6097 \\ 
$log\_C     $	 & 	       0.0170	 & 	       0.0048	 & 	      -0.0189	 & 	      -0.0036	 & 	      -0.0124	 & 	       0.0275	 & 	       0.0249	 & 	      -0.0134	 & 	      -0.0113	 & 	      -0.0086	 & 	       0.9936	 & 	       0.9988	 & 	       0.9142	 & 	       0.9183	 & 	      -0.5083	 & 	       1.0000	 & 	       0.4229	 & 	      -0.5651	 & 	       0.5535	 & 	       0.9432	 & 	       0.9816 \\ 
$log\_N     $	 & 	      -0.2466	 & 	      -0.2721	 & 	      -0.3270	 & 	      -0.2645	 & 	      -0.1128	 & 	      -0.2357	 & 	       0.2419	 & 	      -0.1007	 & 	      -0.3133	 & 	      -0.2998	 & 	       0.5143	 & 	       0.4336	 & 	       0.6923	 & 	       0.7182	 & 	      -0.9710	 & 	       0.4229	 & 	       1.0000	 & 	      -0.2469	 & 	       0.9467	 & 	       0.6580	 & 	       0.5421 \\ 
$log\_NC    $	 & 	      -0.7958	 & 	      -0.7194	 & 	      -0.7231	 & 	      -0.7638	 & 	      -0.1611	 & 	      -0.8063	 & 	       0.4029	 & 	      -0.3905	 & 	      -0.7564	 & 	      -0.7030	 & 	      -0.5990	 & 	      -0.6030	 & 	      -0.7030	 & 	      -0.6504	 & 	       0.2417	 & 	      -0.5651	 & 	      -0.2469	 & 	       1.0000	 & 	      -0.5458	 & 	      -0.6739	 & 	      -0.6621 \\ 
$log\_NI    $	 & 	       0.0512	 & 	       0.0038	 & 	      -0.0424	 & 	       0.0251	 & 	      -0.0440	 & 	       0.0642	 & 	       0.0753	 & 	       0.0427	 & 	      -0.0196	 & 	      -0.0256	 & 	       0.6437	 & 	       0.5753	 & 	       0.8323	 & 	       0.8372	 & 	      -0.9199	 & 	       0.5535	 & 	       0.9467	 & 	      -0.5458	 & 	       1.0000	 & 	       0.7929	 & 	       0.6888 \\ 
$log\_util  $	 & 	       0.0982	 & 	       0.0584	 & 	       0.0274	 & 	       0.0747	 & 	      -0.0229	 & 	       0.1095	 & 	       0.0241	 & 	       0.0560	 & 	       0.0460	 & 	       0.0370	 & 	       0.9743	 & 	       0.9534	 & 	       0.9967	 & 	       0.9963	 & 	      -0.7105	 & 	       0.9432	 & 	       0.6580	 & 	      -0.6739	 & 	       0.7929	 & 	       1.0000	 & 	       0.9878 \\ 
$log\_D     $	 & 	       0.1018	 & 	       0.0707	 & 	       0.0445	 & 	       0.0790	 & 	      -0.0102	 & 	       0.1128	 & 	       0.0034	 & 	       0.0461	 & 	       0.0596	 & 	       0.0527	 & 	       0.9956	 & 	       0.9882	 & 	       0.9737	 & 	       0.9725	 & 	      -0.6097	 & 	       0.9816	 & 	       0.5421	 & 	      -0.6621	 & 	       0.6888	 & 	       0.9878	 & 	       1.0000 \\ 
\end{longtable}
 \end{center}
% End of TeX file.
