% 24-May-2024 11:53:17, created by disp_th_moments.m 
 
\begin{center}
\begin{longtable}{lccccccccccc} 
\caption{MATRIX OF CORRELATIONS}\\
 \label{Table:th_corr_matrix}\\
\toprule 
$Variables   $	 & 	 $       Y\_obs$	 & 	 $   Y\_N\_obs$	 & 	 $      SR\_obs$	 & 	 $       I\_obs$	 & 	 $   p\_I\_obs$	 & 	 $       C\_obs$	 & 	 $      NC\_obs$	 & 	 $      NI\_obs$	 & 	 $   {\theta_D}$	 & 	 $       D\_obs$	 & 	 $    util\_obs$\\
\midrule \endfirsthead 
\caption{(continued)}\\
 \toprule \\ 
$Variables   $	 & 	 $       Y\_obs$	 & 	 $   Y\_N\_obs$	 & 	 $      SR\_obs$	 & 	 $       I\_obs$	 & 	 $   p\_I\_obs$	 & 	 $       C\_obs$	 & 	 $      NC\_obs$	 & 	 $      NI\_obs$	 & 	 $   {\theta_D}$	 & 	 $       D\_obs$	 & 	 $    util\_obs$\\
\midrule \endhead 
\midrule \multicolumn{12}{r}{(Continued on next page)} \\ \bottomrule \endfoot 
\bottomrule \endlastfoot 
$Y\_obs      $	 & 	        1.0000	 & 	        0.6741	 & 	        0.7987	 & 	        0.8388	 & 	       -0.0371	 & 	        0.9685	 & 	        0.4161	 & 	        0.6108	 & 	       -0.1983	 & 	        0.7121	 & 	        0.7121 \\ 
$Y\_N\_obs   $	 & 	        0.6741	 & 	        1.0000	 & 	        0.9535	 & 	        0.5641	 & 	       -0.0938	 & 	        0.6535	 & 	       -0.3635	 & 	        0.0121	 & 	       -0.1341	 & 	        0.0978	 & 	        0.0978 \\ 
$SR\_obs     $	 & 	        0.7987	 & 	        0.9535	 & 	        1.0000	 & 	        0.6980	 & 	       -0.0748	 & 	        0.7608	 & 	       -0.1757	 & 	        0.2244	 & 	       -0.1581	 & 	        0.3043	 & 	        0.3043 \\ 
$I\_obs      $	 & 	        0.8388	 & 	        0.5641	 & 	        0.6980	 & 	        1.0000	 & 	       -0.3393	 & 	        0.6769	 & 	        0.2399	 & 	        0.7609	 & 	       -0.2034	 & 	        0.6391	 & 	        0.6391 \\ 
$p\_I\_obs   $	 & 	       -0.0371	 & 	       -0.0938	 & 	       -0.0748	 & 	       -0.3393	 & 	        1.0000	 & 	        0.1049	 & 	        0.0502	 & 	        0.0624	 & 	        0.0545	 & 	        0.0734	 & 	        0.0734 \\ 
$C\_obs      $	 & 	        0.9685	 & 	        0.6535	 & 	        0.7608	 & 	        0.6769	 & 	        0.1049	 & 	        1.0000	 & 	        0.4529	 & 	        0.4779	 & 	       -0.1752	 & 	        0.6706	 & 	        0.6706 \\ 
$NC\_obs     $	 & 	        0.4161	 & 	       -0.3635	 & 	       -0.1757	 & 	        0.2399	 & 	        0.0502	 & 	        0.4529	 & 	        1.0000	 & 	        0.5762	 & 	       -0.0698	 & 	        0.7138	 & 	        0.7138 \\ 
$NI\_obs     $	 & 	        0.6108	 & 	        0.0121	 & 	        0.2244	 & 	        0.7609	 & 	        0.0624	 & 	        0.4779	 & 	        0.5762	 & 	        1.0000	 & 	       -0.1480	 & 	        0.7901	 & 	        0.7901 \\ 
${\theta_D}  $	 & 	       -0.1983	 & 	       -0.1341	 & 	       -0.1581	 & 	       -0.2034	 & 	        0.0545	 & 	       -0.1752	 & 	       -0.0698	 & 	       -0.1480	 & 	        1.0000	 & 	       -0.1589	 & 	       -0.1589 \\ 
$D\_obs      $	 & 	        0.7121	 & 	        0.0978	 & 	        0.3043	 & 	        0.6391	 & 	        0.0734	 & 	        0.6706	 & 	        0.7138	 & 	        0.7901	 & 	       -0.1589	 & 	        1.0000	 & 	        1.0000 \\ 
$util\_obs   $	 & 	        0.7121	 & 	        0.0978	 & 	        0.3043	 & 	        0.6391	 & 	        0.0734	 & 	        0.6706	 & 	        0.7138	 & 	        0.7901	 & 	       -0.1589	 & 	        1.0000	 & 	        1.0000 \\ 
\end{longtable}
 \end{center}
% End of TeX file.
