% 11-Mar-2024 10:48:58, created by disp_th_moments.m 
 
\begin{center}
\begin{longtable}{lccccccccccccccccccccc} 
\caption{MATRIX OF CORRELATIONS}\\
 \label{Table:th_corr_matrix}\\
\toprule 
$Variables  $	 & 	 $      Y\_obs$	 & 	 $  Y\_N\_obs$	 & 	 $     SR\_obs$	 & 	 $      I\_obs$	 & 	 $  p\_I\_obs$	 & 	 $      C\_obs$	 & 	 $     NC\_obs$	 & 	 $     NI\_obs$	 & 	 $   util\_obs$	 & 	 $      D\_obs$	 & 	 $      log\_Y$	 & 	 $  log\_Y\_N$	 & 	 $     log\_SR$	 & 	 $      log\_I$	 & 	 $  log\_p\_I$	 & 	 $      log\_C$	 & 	 $      log\_N$	 & 	 $     log\_NC$	 & 	 $     log\_NI$	 & 	 $   log\_util$	 & 	 $      log\_D$\\
\midrule \endfirsthead 
\caption{(continued)}\\
 \toprule \\ 
$Variables  $	 & 	 $      Y\_obs$	 & 	 $  Y\_N\_obs$	 & 	 $     SR\_obs$	 & 	 $      I\_obs$	 & 	 $  p\_I\_obs$	 & 	 $      C\_obs$	 & 	 $     NC\_obs$	 & 	 $     NI\_obs$	 & 	 $   util\_obs$	 & 	 $      D\_obs$	 & 	 $      log\_Y$	 & 	 $  log\_Y\_N$	 & 	 $     log\_SR$	 & 	 $      log\_I$	 & 	 $  log\_p\_I$	 & 	 $      log\_C$	 & 	 $      log\_N$	 & 	 $     log\_NC$	 & 	 $     log\_NI$	 & 	 $   log\_util$	 & 	 $      log\_D$\\
\midrule \endhead 
\midrule \multicolumn{22}{r}{(Continued on next page)} \\ \bottomrule \endfoot 
\bottomrule \endlastfoot 
$Y\_obs     $	 & 	       1.0000	 & 	       0.9004	 & 	       0.9246	 & 	       0.8180	 & 	      -0.6237	 & 	       0.7448	 & 	      -0.4494	 & 	       0.5441	 & 	       0.9121	 & 	       0.7911	 & 	       0.0243	 & 	       0.0287	 & 	       0.3208	 & 	       0.0297	 & 	       0.0294	 & 	       0.0072	 & 	      -0.0001	 & 	      -0.1922	 & 	       0.0456	 & 	       0.2627	 & 	       0.0391 \\ 
$Y\_N\_obs  $	 & 	       0.9004	 & 	       1.0000	 & 	       0.9620	 & 	       0.5354	 & 	      -0.2310	 & 	       0.9039	 & 	      -0.7318	 & 	       0.1940	 & 	       0.7392	 & 	       0.7789	 & 	       0.0212	 & 	       0.0310	 & 	       0.2124	 & 	       0.0243	 & 	       0.0271	 & 	       0.0091	 & 	      -0.0209	 & 	      -0.2130	 & 	       0.0345	 & 	       0.1652	 & 	       0.0344 \\ 
$SR\_obs    $	 & 	       0.9246	 & 	       0.9620	 & 	       1.0000	 & 	       0.6190	 & 	      -0.3412	 & 	       0.8479	 & 	      -0.6429	 & 	       0.3042	 & 	       0.8719	 & 	       0.7790	 & 	      -0.1468	 & 	      -0.1024	 & 	       0.0406	 & 	      -0.1942	 & 	       0.1930	 & 	      -0.0207	 & 	      -0.2516	 & 	       0.0266	 & 	      -0.1997	 & 	       0.0307	 & 	      -0.1305 \\ 
$I\_obs     $	 & 	       0.8180	 & 	       0.5354	 & 	       0.6190	 & 	       1.0000	 & 	      -0.8553	 & 	       0.2253	 & 	      -0.1836	 & 	       0.9263	 & 	       0.8237	 & 	       0.5775	 & 	       0.0089	 & 	       0.0011	 & 	       0.3868	 & 	       0.0234	 & 	       0.0279	 & 	      -0.0175	 & 	       0.0333	 & 	      -0.0907	 & 	       0.0472	 & 	       0.3358	 & 	       0.0192 \\ 
$p\_I\_obs  $	 & 	      -0.6237	 & 	      -0.2310	 & 	      -0.3412	 & 	      -0.8553	 & 	       1.0000	 & 	      -0.0640	 & 	      -0.3107	 & 	      -0.8360	 & 	      -0.6932	 & 	      -0.3686	 & 	      -0.0606	 & 	      -0.0501	 & 	      -0.3617	 & 	      -0.0680	 & 	       0.0235	 & 	      -0.0283	 & 	      -0.0764	 & 	       0.0912	 & 	      -0.0804	 & 	      -0.3032	 & 	      -0.0690 \\ 
$C\_obs     $	 & 	       0.7448	 & 	       0.9039	 & 	       0.8479	 & 	       0.2253	 & 	      -0.0640	 & 	       1.0000	 & 	      -0.5481	 & 	      -0.1531	 & 	       0.5893	 & 	       0.6700	 & 	       0.0307	 & 	       0.0474	 & 	       0.0947	 & 	       0.0232	 & 	       0.0173	 & 	       0.0326	 & 	      -0.0389	 & 	      -0.2203	 & 	       0.0224	 & 	       0.0555	 & 	       0.0440 \\ 
$NC\_obs    $	 & 	      -0.4494	 & 	      -0.7318	 & 	      -0.6429	 & 	      -0.1836	 & 	      -0.3107	 & 	      -0.5481	 & 	       1.0000	 & 	       0.0301	 & 	      -0.2611	 & 	      -0.4750	 & 	       0.0212	 & 	       0.0154	 & 	      -0.0622	 & 	       0.0110	 & 	      -0.0343	 & 	       0.0304	 & 	       0.0338	 & 	       0.1086	 & 	       0.0002	 & 	      -0.0519	 & 	       0.0170 \\ 
$NI\_obs    $	 & 	       0.5441	 & 	       0.1940	 & 	       0.3042	 & 	       0.9263	 & 	      -0.8360	 & 	      -0.1531	 & 	       0.0301	 & 	       1.0000	 & 	       0.6175	 & 	       0.3309	 & 	      -0.0173	 & 	      -0.0302	 & 	       0.3451	 & 	      -0.0003	 & 	       0.0353	 & 	      -0.0389	 & 	       0.0347	 & 	       0.0057	 & 	       0.0253	 & 	       0.3128	 & 	      -0.0115 \\ 
$util\_obs  $	 & 	       0.9121	 & 	       0.7392	 & 	       0.8719	 & 	       0.8237	 & 	      -0.6932	 & 	       0.5893	 & 	      -0.2611	 & 	       0.6175	 & 	       1.0000	 & 	       0.7316	 & 	      -0.2324	 & 	      -0.1763	 & 	       0.0167	 & 	      -0.3029	 & 	       0.2763	 & 	      -0.0401	 & 	      -0.3484	 & 	       0.1879	 & 	      -0.3124	 & 	       0.0230	 & 	      -0.2134 \\ 
$D\_obs     $	 & 	       0.7911	 & 	       0.7789	 & 	       0.7790	 & 	       0.5775	 & 	      -0.3686	 & 	       0.6700	 & 	      -0.4750	 & 	       0.3309	 & 	       0.7316	 & 	       1.0000	 & 	       0.0104	 & 	       0.0167	 & 	       0.2197	 & 	       0.0138	 & 	       0.0305	 & 	       0.0013	 & 	      -0.0158	 & 	      -0.1576	 & 	       0.0253	 & 	       0.1789	 & 	       0.0339 \\ 
$log\_Y     $	 & 	       0.0243	 & 	       0.0212	 & 	      -0.1468	 & 	       0.0089	 & 	      -0.0606	 & 	       0.0307	 & 	       0.0212	 & 	      -0.0173	 & 	      -0.2324	 & 	       0.0104	 & 	       1.0000	 & 	       0.9803	 & 	       0.3749	 & 	       0.9236	 & 	      -0.9979	 & 	       0.7856	 & 	       0.7149	 & 	      -0.7058	 & 	       0.7172	 & 	       0.0390	 & 	       0.9798 \\ 
$log\_Y\_N  $	 & 	       0.0287	 & 	       0.0310	 & 	      -0.1024	 & 	       0.0011	 & 	      -0.0501	 & 	       0.0474	 & 	       0.0154	 & 	      -0.0302	 & 	      -0.1763	 & 	       0.0167	 & 	       0.9803	 & 	       1.0000	 & 	       0.1986	 & 	       0.8298	 & 	      -0.9815	 & 	       0.8921	 & 	       0.5625	 & 	      -0.5613	 & 	       0.5657	 & 	      -0.1497	 & 	       0.9597 \\ 
$log\_SR    $	 & 	       0.3208	 & 	       0.2124	 & 	       0.0406	 & 	       0.3868	 & 	      -0.3617	 & 	       0.0947	 & 	      -0.0622	 & 	       0.3451	 & 	       0.0167	 & 	       0.2197	 & 	       0.3749	 & 	       0.1986	 & 	       1.0000	 & 	       0.6750	 & 	      -0.3428	 & 	      -0.2362	 & 	       0.8652	 & 	      -0.8691	 & 	       0.8715	 & 	       0.9375	 & 	       0.3769 \\ 
$log\_I     $	 & 	       0.0297	 & 	       0.0243	 & 	      -0.1942	 & 	       0.0234	 & 	      -0.0680	 & 	       0.0232	 & 	       0.0110	 & 	      -0.0003	 & 	      -0.3029	 & 	       0.0138	 & 	       0.9236	 & 	       0.8298	 & 	       0.6750	 & 	       1.0000	 & 	      -0.9141	 & 	       0.4884	 & 	       0.9275	 & 	      -0.9114	 & 	       0.9294	 & 	       0.4011	 & 	       0.9061 \\ 
$log\_p\_I  $	 & 	       0.0294	 & 	       0.0271	 & 	       0.1930	 & 	       0.0279	 & 	       0.0235	 & 	       0.0173	 & 	      -0.0343	 & 	       0.0353	 & 	       0.2763	 & 	       0.0305	 & 	      -0.9979	 & 	      -0.9815	 & 	      -0.3428	 & 	      -0.9141	 & 	       1.0000	 & 	      -0.7961	 & 	      -0.7015	 & 	       0.6803	 & 	      -0.7008	 & 	      -0.0080	 & 	      -0.9738 \\ 
$log\_C     $	 & 	       0.0072	 & 	       0.0091	 & 	      -0.0207	 & 	      -0.0175	 & 	      -0.0283	 & 	       0.0326	 & 	       0.0304	 & 	      -0.0389	 & 	      -0.0401	 & 	       0.0013	 & 	       0.7856	 & 	       0.8921	 & 	      -0.2362	 & 	       0.4884	 & 	      -0.7961	 & 	       1.0000	 & 	       0.1303	 & 	      -0.1356	 & 	       0.1323	 & 	      -0.5588	 & 	       0.7679 \\ 
$log\_N     $	 & 	      -0.0001	 & 	      -0.0209	 & 	      -0.2516	 & 	       0.0333	 & 	      -0.0764	 & 	      -0.0389	 & 	       0.0338	 & 	       0.0347	 & 	      -0.3484	 & 	      -0.0158	 & 	       0.7149	 & 	       0.5625	 & 	       0.8652	 & 	       0.9275	 & 	      -0.7015	 & 	       0.1303	 & 	       1.0000	 & 	      -0.9661	 & 	       0.9981	 & 	       0.6923	 & 	       0.7033 \\ 
$log\_NC    $	 & 	      -0.1922	 & 	      -0.2130	 & 	       0.0266	 & 	      -0.0907	 & 	       0.0912	 & 	      -0.2203	 & 	       0.1086	 & 	       0.0057	 & 	       0.1879	 & 	      -0.1576	 & 	      -0.7058	 & 	      -0.5613	 & 	      -0.8691	 & 	      -0.9114	 & 	       0.6803	 & 	      -0.1356	 & 	      -0.9661	 & 	       1.0000	 & 	      -0.9801	 & 	      -0.6902	 & 	      -0.6979 \\ 
$log\_NI    $	 & 	       0.0456	 & 	       0.0345	 & 	      -0.1997	 & 	       0.0472	 & 	      -0.0804	 & 	       0.0224	 & 	       0.0002	 & 	       0.0253	 & 	      -0.3124	 & 	       0.0253	 & 	       0.7172	 & 	       0.5657	 & 	       0.8715	 & 	       0.9294	 & 	      -0.7008	 & 	       0.1323	 & 	       0.9981	 & 	      -0.9801	 & 	       1.0000	 & 	       0.6961	 & 	       0.7063 \\ 
$log\_util  $	 & 	       0.2627	 & 	       0.1652	 & 	       0.0307	 & 	       0.3358	 & 	      -0.3032	 & 	       0.0555	 & 	      -0.0519	 & 	       0.3128	 & 	       0.0230	 & 	       0.1789	 & 	       0.0390	 & 	      -0.1497	 & 	       0.9375	 & 	       0.4011	 & 	      -0.0080	 & 	      -0.5588	 & 	       0.6923	 & 	      -0.6902	 & 	       0.6961	 & 	       1.0000	 & 	       0.0505 \\ 
$log\_D     $	 & 	       0.0391	 & 	       0.0344	 & 	      -0.1305	 & 	       0.0192	 & 	      -0.0690	 & 	       0.0440	 & 	       0.0170	 & 	      -0.0115	 & 	      -0.2134	 & 	       0.0339	 & 	       0.9798	 & 	       0.9597	 & 	       0.3769	 & 	       0.9061	 & 	      -0.9738	 & 	       0.7679	 & 	       0.7033	 & 	      -0.6979	 & 	       0.7063	 & 	       0.0505	 & 	       1.0000 \\ 
\end{longtable}
 \end{center}
% End of TeX file.
