% 09-Feb-2024 12:48:14, created by display_conditional_variance_decomposition.m 
 
\begin{center}
\begin{longtable}{lccccc} 
\caption{CONDITIONAL VARIANCE DECOMPOSITION (in percent); Period 8}\\
 \label{Table:th_var_decomp_cond_h8}\\
\toprule 
$          $	 & 	 $       {e_g}$	 & 	 $    {e_{ZI}}$	 & 	 $       {e_N}$	 & 	 $       {e_D}$	 & 	 $       {e_C}$\\
\midrule \endfirsthead 
\caption{(continued)}\\
 \toprule \\ 
$          $	 & 	 $       {e_g}$	 & 	 $    {e_{ZI}}$	 & 	 $       {e_N}$	 & 	 $       {e_D}$	 & 	 $       {e_C}$\\
\midrule \endhead 
\midrule \multicolumn{6}{r}{(Continued on next page)} \\ \bottomrule \endfoot 
\bottomrule \endlastfoot 
$Y_obs     $	 & 	        2.72	 & 	        2.47	 & 	       24.37	 & 	       57.81	 & 	       12.64 \\ 
$Y_N_obs   $	 & 	       42.70	 & 	        0.51	 & 	       51.04	 & 	        0.16	 & 	        5.59 \\ 
$I_obs     $	 & 	        0.97	 & 	        2.81	 & 	       27.62	 & 	       63.66	 & 	        4.94 \\ 
$p_I_obs   $	 & 	        0.11	 & 	       68.30	 & 	        9.26	 & 	       21.82	 & 	        0.51 \\ 
$C_obs     $	 & 	        4.62	 & 	        2.11	 & 	       21.13	 & 	       51.46	 & 	       20.69 \\ 
$NC_obs    $	 & 	        2.75	 & 	        1.26	 & 	       44.62	 & 	       30.68	 & 	       20.69 \\ 
$NI_obs    $	 & 	        0.84	 & 	        0.97	 & 	       36.97	 & 	       55.11	 & 	        6.10 \\ 
$N_obs     $	 & 	        0.64	 & 	        1.18	 & 	       42.97	 & 	       40.85	 & 	       14.37 \\ 
$util_obs  $	 & 	        0.01	 & 	        2.01	 & 	       16.24	 & 	       69.97	 & 	       11.77 \\ 
$log_Y     $	 & 	        1.38	 & 	        3.85	 & 	       20.50	 & 	       54.94	 & 	       19.34 \\ 
$log_Y_N   $	 & 	        0.00	 & 	        1.82	 & 	       80.57	 & 	        0.40	 & 	       17.21 \\ 
$log_I     $	 & 	        0.02	 & 	        4.40	 & 	       24.34	 & 	       63.50	 & 	        7.75 \\ 
$log_p_I   $	 & 	        0.13	 & 	       76.04	 & 	        6.41	 & 	       16.82	 & 	        0.60 \\ 
$log_C     $	 & 	        3.97	 & 	        3.19	 & 	       16.45	 & 	       45.26	 & 	       31.12 \\ 
$log_N     $	 & 	        1.04	 & 	        1.89	 & 	       35.69	 & 	       38.88	 & 	       22.50 \\ 
$log_NC    $	 & 	        2.44	 & 	        1.96	 & 	       35.91	 & 	       27.73	 & 	       31.97 \\ 
$log_NI    $	 & 	        0.02	 & 	        1.64	 & 	       32.56	 & 	       55.82	 & 	        9.96 \\ 
$util      $	 & 	        0.02	 & 	        3.13	 & 	       13.45	 & 	       65.13	 & 	       18.27 \\ 
\end{longtable}
 \end{center}
% End of TeX file.
