% 12-Feb-2024 14:16:17, created by display_conditional_variance_decomposition.m 
 
\begin{center}
\begin{longtable}{lccccc} 
\caption{CONDITIONAL VARIANCE DECOMPOSITION (in percent); Period 4}\\
 \label{Table:th_var_decomp_cond_h4}\\
\toprule 
$          $	 & 	 $       {e_g}$	 & 	 $    {e_{ZI}}$	 & 	 $       {e_N}$	 & 	 $       {e_D}$	 & 	 $       {e_C}$\\
\midrule \endfirsthead 
\caption{(continued)}\\
 \toprule \\ 
$          $	 & 	 $       {e_g}$	 & 	 $    {e_{ZI}}$	 & 	 $       {e_N}$	 & 	 $       {e_D}$	 & 	 $       {e_C}$\\
\midrule \endhead 
\midrule \multicolumn{6}{r}{(Continued on next page)} \\ \bottomrule \endfoot 
\bottomrule \endlastfoot 
$Y_obs     $	 & 	        0.96	 & 	        2.26	 & 	       19.59	 & 	       55.84	 & 	       21.34 \\ 
$Y_N_obs   $	 & 	       44.68	 & 	        0.52	 & 	       47.72	 & 	        0.20	 & 	        6.87 \\ 
$I_obs     $	 & 	        0.41	 & 	        3.01	 & 	       21.89	 & 	       64.59	 & 	       10.10 \\ 
$p_I_obs   $	 & 	        0.05	 & 	       64.66	 & 	        8.82	 & 	       25.38	 & 	        1.09 \\ 
$C_obs     $	 & 	        1.37	 & 	        1.80	 & 	       17.79	 & 	       49.52	 & 	       29.51 \\ 
$NC_obs    $	 & 	        2.16	 & 	        1.19	 & 	       35.22	 & 	       32.65	 & 	       28.79 \\ 
$NI_obs    $	 & 	        0.30	 & 	        1.03	 & 	       30.78	 & 	       56.17	 & 	       11.73 \\ 
$util_obs  $	 & 	        0.45	 & 	        1.77	 & 	       14.30	 & 	       62.84	 & 	       20.64 \\ 
$log_Y     $	 & 	        2.36	 & 	        2.74	 & 	       19.07	 & 	       50.14	 & 	       25.69 \\ 
$log_Y_N   $	 & 	        0.00	 & 	        1.33	 & 	       83.23	 & 	        0.41	 & 	       15.03 \\ 
$log_I     $	 & 	        0.36	 & 	        3.61	 & 	       22.53	 & 	       61.34	 & 	       12.17 \\ 
$log_p_I   $	 & 	        0.05	 & 	       69.73	 & 	        7.80	 & 	       21.33	 & 	        1.09 \\ 
$log_C     $	 & 	        4.42	 & 	        2.14	 & 	       16.25	 & 	       41.63	 & 	       35.56 \\ 
$log_N     $	 & 	        1.79	 & 	        1.40	 & 	       33.25	 & 	       36.17	 & 	       27.40 \\ 
$log_NC    $	 & 	        2.92	 & 	        1.41	 & 	       33.30	 & 	       27.52	 & 	       34.85 \\ 
$log_NI    $	 & 	        0.36	 & 	        1.29	 & 	       31.06	 & 	       52.80	 & 	       14.50 \\ 
$log_util  $	 & 	        0.61	 & 	        2.19	 & 	       14.19	 & 	       57.50	 & 	       25.51 \\ 
\end{longtable}
 \end{center}
% End of TeX file.
