% 12-Feb-2024 14:16:17, created by display_conditional_variance_decomposition.m 
 
\begin{center}
\begin{longtable}{lccccc} 
\caption{CONDITIONAL VARIANCE DECOMPOSITION (in percent); Period 8}\\
 \label{Table:th_var_decomp_cond_h8}\\
\toprule 
$          $	 & 	 $       {e_g}$	 & 	 $    {e_{ZI}}$	 & 	 $       {e_N}$	 & 	 $       {e_D}$	 & 	 $       {e_C}$\\
\midrule \endfirsthead 
\caption{(continued)}\\
 \toprule \\ 
$          $	 & 	 $       {e_g}$	 & 	 $    {e_{ZI}}$	 & 	 $       {e_N}$	 & 	 $       {e_D}$	 & 	 $       {e_C}$\\
\midrule \endhead 
\midrule \multicolumn{6}{r}{(Continued on next page)} \\ \bottomrule \endfoot 
\bottomrule \endlastfoot 
$Y_obs     $	 & 	        0.95	 & 	        2.25	 & 	       19.58	 & 	       56.02	 & 	       21.20 \\ 
$Y_N_obs   $	 & 	       44.48	 & 	        0.52	 & 	       47.95	 & 	        0.21	 & 	        6.84 \\ 
$I_obs     $	 & 	        0.41	 & 	        2.97	 & 	       21.85	 & 	       64.80	 & 	        9.98 \\ 
$p_I_obs   $	 & 	        0.05	 & 	       64.11	 & 	        8.91	 & 	       25.85	 & 	        1.08 \\ 
$C_obs     $	 & 	        1.37	 & 	        1.80	 & 	       17.79	 & 	       49.66	 & 	       29.39 \\ 
$NC_obs    $	 & 	        2.15	 & 	        1.18	 & 	       35.28	 & 	       32.72	 & 	       28.66 \\ 
$NI_obs    $	 & 	        0.30	 & 	        1.02	 & 	       30.74	 & 	       56.35	 & 	       11.61 \\ 
$util_obs  $	 & 	        0.45	 & 	        1.76	 & 	       14.28	 & 	       63.06	 & 	       20.46 \\ 
$log_Y     $	 & 	        2.76	 & 	        3.34	 & 	       18.33	 & 	       44.72	 & 	       30.84 \\ 
$log_Y_N   $	 & 	        0.00	 & 	        1.67	 & 	       79.50	 & 	        0.41	 & 	       18.42 \\ 
$log_I     $	 & 	        0.43	 & 	        4.58	 & 	       22.58	 & 	       56.96	 & 	       15.45 \\ 
$log_p_I   $	 & 	        0.06	 & 	       73.35	 & 	        7.18	 & 	       18.12	 & 	        1.29 \\ 
$log_C     $	 & 	        5.00	 & 	        2.55	 & 	       15.21	 & 	       36.17	 & 	       41.08 \\ 
$log_N     $	 & 	        2.10	 & 	        1.72	 & 	       31.32	 & 	       32.14	 & 	       32.72 \\ 
$log_NC    $	 & 	        3.33	 & 	        1.70	 & 	       30.54	 & 	       24.07	 & 	       40.37 \\ 
$log_NI    $	 & 	        0.44	 & 	        1.65	 & 	       30.79	 & 	       48.79	 & 	       18.34 \\ 
$log_util  $	 & 	        0.73	 & 	        2.71	 & 	       13.79	 & 	       51.52	 & 	       31.24 \\ 
\end{longtable}
 \end{center}
% End of TeX file.
