% 08-Feb-2024 10:58:41, created by disp_th_moments.m 
 
\begin{center}
\begin{longtable}{lccccc} 
\caption{VARIANCE DECOMPOSITION (in percent)}\\
 \label{Table:th_var_decomp_uncond}\\
\toprule 
$                $	 & 	 $       {e_g}$	 & 	 $    {e_{ZI}}$	 & 	 $       {e_N}$	 & 	 $       {e_D}$	 & 	 $       {e_C}$\\
\midrule \endfirsthead 
\caption{(continued)}\\
 \toprule \\ 
$                $	 & 	 $       {e_g}$	 & 	 $    {e_{ZI}}$	 & 	 $       {e_N}$	 & 	 $       {e_D}$	 & 	 $       {e_C}$\\
\midrule \endhead 
\midrule \multicolumn{6}{r}{(Continued on next page)} \\ \bottomrule \endfoot 
\bottomrule \endlastfoot 
$Y\_obs          $	 & 	        2.59	 & 	        2.45	 & 	       24.81	 & 	       57.20	 & 	       12.95 \\ 
$lab\_prod\_obs  $	 & 	       41.83	 & 	        0.50	 & 	       51.91	 & 	        0.17	 & 	        5.60 \\ 
$I\_obs          $	 & 	        0.91	 & 	        2.79	 & 	       27.77	 & 	       63.37	 & 	        5.16 \\ 
$p\_I\_obs       $	 & 	        0.11	 & 	       67.42	 & 	        9.65	 & 	       22.24	 & 	        0.58 \\ 
$C\_obs          $	 & 	        4.43	 & 	        2.10	 & 	       21.77	 & 	       50.64	 & 	       21.06 \\ 
$N\_obs          $	 & 	        0.63	 & 	        1.18	 & 	       43.37	 & 	       40.26	 & 	       14.57 \\ 
$util\_obs       $	 & 	        0.01	 & 	        1.99	 & 	       16.72	 & 	       69.18	 & 	       12.10 \\ 
$log\_Y          $	 & 	        0.19	 & 	       26.46	 & 	        0.48	 & 	        1.24	 & 	       71.64 \\ 
$log\_Y\_N       $	 & 	        0.00	 & 	        9.22	 & 	        4.76	 & 	        0.02	 & 	       85.99 \\ 
$log\_I          $	 & 	        0.01	 & 	       37.44	 & 	        1.77	 & 	        4.40	 & 	       56.38 \\ 
$log\_p\_I       $	 & 	        0.02	 & 	       99.54	 & 	        0.10	 & 	        0.26	 & 	        0.08 \\ 
$log\_C          $	 & 	        0.28	 & 	       23.25	 & 	        0.28	 & 	        0.74	 & 	       75.44 \\ 
$log\_N          $	 & 	        0.16	 & 	       18.17	 & 	        0.84	 & 	        0.99	 & 	       79.84 \\ 
$log\_NC         $	 & 	        0.22	 & 	       18.28	 & 	        0.56	 & 	        0.58	 & 	       80.35 \\ 
$log\_NI         $	 & 	        0.01	 & 	       17.47	 & 	        2.46	 & 	        4.06	 & 	       75.99 \\ 
${util}          $	 & 	        0.01	 & 	       17.75	 & 	        0.64	 & 	        2.84	 & 	       78.77 \\ 
\end{longtable}
 \end{center}
% End of TeX file.
