% 08-Feb-2024 10:58:41, created by display_conditional_variance_decomposition.m 
 
\begin{center}
\begin{longtable}{lccccc} 
\caption{CONDITIONAL VARIANCE DECOMPOSITION (in percent); Period 40}\\
 \label{Table:th_var_decomp_cond_h40}\\
\toprule 
$              $	 & 	 $       {e_g}$	 & 	 $    {e_{ZI}}$	 & 	 $       {e_N}$	 & 	 $       {e_D}$	 & 	 $       {e_C}$\\
\midrule \endfirsthead 
\caption{(continued)}\\
 \toprule \\ 
$              $	 & 	 $       {e_g}$	 & 	 $    {e_{ZI}}$	 & 	 $       {e_N}$	 & 	 $       {e_D}$	 & 	 $       {e_C}$\\
\midrule \endhead 
\midrule \multicolumn{6}{r}{(Continued on next page)} \\ \bottomrule \endfoot 
\bottomrule \endlastfoot 
$Y_obs         $	 & 	        2.59	 & 	        2.44	 & 	       24.82	 & 	       57.20	 & 	       12.94 \\ 
$lab_prod_obs  $	 & 	       41.83	 & 	        0.50	 & 	       51.91	 & 	        0.17	 & 	        5.60 \\ 
$I_obs         $	 & 	        0.91	 & 	        2.79	 & 	       27.77	 & 	       63.38	 & 	        5.15 \\ 
$p_I_obs       $	 & 	        0.11	 & 	       67.42	 & 	        9.65	 & 	       22.24	 & 	        0.58 \\ 
$C_obs         $	 & 	        4.43	 & 	        2.09	 & 	       21.78	 & 	       50.66	 & 	       21.04 \\ 
$N_obs         $	 & 	        0.63	 & 	        1.17	 & 	       43.37	 & 	       40.27	 & 	       14.56 \\ 
$util_obs      $	 & 	        0.01	 & 	        1.99	 & 	       16.72	 & 	       69.18	 & 	       12.09 \\ 
$log_Y         $	 & 	        2.26	 & 	        9.34	 & 	       12.36	 & 	       31.33	 & 	       44.71 \\ 
$log_Y_N       $	 & 	        0.01	 & 	        4.48	 & 	       52.25	 & 	        0.25	 & 	       43.01 \\ 
$log_I         $	 & 	        0.04	 & 	       12.89	 & 	       18.14	 & 	       45.12	 & 	       23.80 \\ 
$log_p_I       $	 & 	        0.14	 & 	       91.79	 & 	        2.09	 & 	        5.20	 & 	        0.78 \\ 
$log_C         $	 & 	        4.98	 & 	        6.85	 & 	        8.93	 & 	       22.98	 & 	       56.26 \\ 
$log_N         $	 & 	        1.73	 & 	        4.84	 & 	       20.33	 & 	       22.40	 & 	       50.71 \\ 
$log_NC        $	 & 	        3.28	 & 	        4.51	 & 	       17.58	 & 	       15.11	 & 	       59.53 \\ 
$log_NI        $	 & 	        0.06	 & 	        5.02	 & 	       24.38	 & 	       40.07	 & 	       30.47 \\ 
$util          $	 & 	        0.04	 & 	        7.65	 & 	        8.59	 & 	       38.27	 & 	       45.45 \\ 
\end{longtable}
 \end{center}
% End of TeX file.
