% 12-Feb-2024 14:15:59, created by compute_moments_varendo.m 
 
\begin{center}
\begin{longtable}{lccccc} 
\caption{Posterior mean variance decomposition (in percent)}\\
 \label{Table:dsge_post_mean_var_decomp_uncond}\\
\toprule 
$           $	 & 	 $       {e_g}$	 & 	 $    {e_{ZI}}$	 & 	 $       {e_N}$	 & 	 $       {e_D}$	 & 	 $       {e_C}$\\
\midrule \endfirsthead 
\caption{(continued)}\\
 \toprule \\ 
$           $	 & 	 $       {e_g}$	 & 	 $    {e_{ZI}}$	 & 	 $       {e_N}$	 & 	 $       {e_D}$	 & 	 $       {e_C}$\\
\midrule \endhead 
\midrule \multicolumn{6}{r}{(Continued on next page)} \\ \bottomrule \endfoot 
\bottomrule \endlastfoot 
$Y\_obs     $	 & 	        0.95	 & 	        2.26	 & 	       19.57	 & 	       56.14	 & 	       21.08 \\ 
$Y\_N\_obs  $	 & 	       44.40	 & 	        0.52	 & 	       48.06	 & 	        0.21	 & 	        6.81 \\ 
$I\_obs     $	 & 	        0.41	 & 	        2.94	 & 	       21.82	 & 	       64.94	 & 	        9.89 \\ 
$p\_I\_obs  $	 & 	        0.05	 & 	       63.49	 & 	        9.00	 & 	       26.37	 & 	        1.09 \\ 
$C\_obs     $	 & 	        1.38	 & 	        1.83	 & 	       17.79	 & 	       49.74	 & 	       29.26 \\ 
$NC\_obs    $	 & 	        2.15	 & 	        1.21	 & 	       35.28	 & 	       32.85	 & 	       28.51 \\ 
$NI\_obs    $	 & 	        0.30	 & 	        1.01	 & 	       30.68	 & 	       56.50	 & 	       11.52 \\ 
$util\_obs  $	 & 	        0.45	 & 	        1.75	 & 	       14.30	 & 	       63.22	 & 	       20.28 \\ 
$log\_Y     $	 & 	        0.10	 & 	       16.59	 & 	        0.13	 & 	        0.24	 & 	       82.94 \\ 
$log\_Y\_N  $	 & 	        0.00	 & 	        7.52	 & 	        2.88	 & 	        0.01	 & 	       89.58 \\ 
$log\_I     $	 & 	        0.05	 & 	       20.95	 & 	        0.34	 & 	        0.69	 & 	       77.97 \\ 
$log\_p\_I  $	 & 	        0.01	 & 	       99.30	 & 	        0.14	 & 	        0.30	 & 	        0.25 \\ 
$log\_C     $	 & 	        0.12	 & 	       15.48	 & 	        0.10	 & 	        0.17	 & 	       84.13 \\ 
$log\_N     $	 & 	        0.09	 & 	       13.78	 & 	        0.21	 & 	        0.21	 & 	       85.71 \\ 
$log\_NC    $	 & 	        0.10	 & 	       13.80	 & 	        0.17	 & 	        0.15	 & 	       85.78 \\ 
$log\_NI    $	 & 	        0.05	 & 	       13.65	 & 	        0.46	 & 	        0.61	 & 	       85.23 \\ 
${util}     $	 & 	        0.05	 & 	       13.72	 & 	        0.15	 & 	        0.40	 & 	       85.68 \\ 
\end{longtable}
 \end{center}
% End of TeX file.
