% 09-Feb-2024 12:48:14, created by display_conditional_variance_decomposition.m 
 
\begin{center}
\begin{longtable}{lccccc} 
\caption{CONDITIONAL VARIANCE DECOMPOSITION (in percent); Period 1}\\
 \label{Table:th_var_decomp_cond_h1}\\
\toprule 
$          $	 & 	 $       {e_g}$	 & 	 $    {e_{ZI}}$	 & 	 $       {e_N}$	 & 	 $       {e_D}$	 & 	 $       {e_C}$\\
\midrule \endfirsthead 
\caption{(continued)}\\
 \toprule \\ 
$          $	 & 	 $       {e_g}$	 & 	 $    {e_{ZI}}$	 & 	 $       {e_N}$	 & 	 $       {e_D}$	 & 	 $       {e_C}$\\
\midrule \endhead 
\midrule \multicolumn{6}{r}{(Continued on next page)} \\ \bottomrule \endfoot 
\bottomrule \endlastfoot 
$Y_obs     $	 & 	        2.76	 & 	        2.52	 & 	       24.09	 & 	       57.74	 & 	       12.89 \\ 
$Y_N_obs   $	 & 	       43.68	 & 	        0.52	 & 	       50.07	 & 	        0.01	 & 	        5.72 \\ 
$I_obs     $	 & 	        0.97	 & 	        2.88	 & 	       27.38	 & 	       63.71	 & 	        5.05 \\ 
$p_I_obs   $	 & 	        0.00	 & 	       97.75	 & 	        0.68	 & 	        1.54	 & 	        0.03 \\ 
$C_obs     $	 & 	        4.72	 & 	        2.16	 & 	       20.78	 & 	       51.17	 & 	       21.17 \\ 
$NC_obs    $	 & 	        2.82	 & 	        1.29	 & 	       44.09	 & 	       30.58	 & 	       21.22 \\ 
$NI_obs    $	 & 	        0.85	 & 	        1.00	 & 	       36.65	 & 	       55.24	 & 	        6.26 \\ 
$N_obs     $	 & 	        0.65	 & 	        1.21	 & 	       42.51	 & 	       40.91	 & 	       14.72 \\ 
$util_obs  $	 & 	        0.01	 & 	        2.05	 & 	       16.04	 & 	       69.84	 & 	       12.06 \\ 
$log_Y     $	 & 	        0.92	 & 	        2.56	 & 	       24.55	 & 	       58.84	 & 	       13.13 \\ 
$log_Y_N   $	 & 	        0.00	 & 	        0.92	 & 	       88.90	 & 	        0.01	 & 	       10.16 \\ 
$log_I     $	 & 	        0.03	 & 	        2.90	 & 	       27.64	 & 	       64.32	 & 	        5.10 \\ 
$log_p_I   $	 & 	        0.00	 & 	       97.75	 & 	        0.68	 & 	        1.54	 & 	        0.03 \\ 
$log_C     $	 & 	        2.48	 & 	        2.21	 & 	       21.27	 & 	       52.37	 & 	       21.66 \\ 
$log_N     $	 & 	        0.65	 & 	        1.21	 & 	       42.51	 & 	       40.91	 & 	       14.72 \\ 
$log_NC    $	 & 	        1.47	 & 	        1.31	 & 	       44.71	 & 	       31.00	 & 	       21.51 \\ 
$log_NI    $	 & 	        0.03	 & 	        1.00	 & 	       36.95	 & 	       55.70	 & 	        6.31 \\ 
$util      $	 & 	        0.01	 & 	        2.05	 & 	       16.04	 & 	       69.84	 & 	       12.06 \\ 
\end{longtable}
 \end{center}
% End of TeX file.
