% 09-Feb-2024 12:48:14, created by display_conditional_variance_decomposition.m 
 
\begin{center}
\begin{longtable}{lccccc} 
\caption{CONDITIONAL VARIANCE DECOMPOSITION (in percent); Period 40}\\
 \label{Table:th_var_decomp_cond_h40}\\
\toprule 
$          $	 & 	 $       {e_g}$	 & 	 $    {e_{ZI}}$	 & 	 $       {e_N}$	 & 	 $       {e_D}$	 & 	 $       {e_C}$\\
\midrule \endfirsthead 
\caption{(continued)}\\
 \toprule \\ 
$          $	 & 	 $       {e_g}$	 & 	 $    {e_{ZI}}$	 & 	 $       {e_N}$	 & 	 $       {e_D}$	 & 	 $       {e_C}$\\
\midrule \endhead 
\midrule \multicolumn{6}{r}{(Continued on next page)} \\ \bottomrule \endfoot 
\bottomrule \endlastfoot 
$Y_obs     $	 & 	        2.69	 & 	        2.45	 & 	       24.40	 & 	       57.91	 & 	       12.55 \\ 
$Y_N_obs   $	 & 	       42.47	 & 	        0.51	 & 	       51.30	 & 	        0.17	 & 	        5.56 \\ 
$I_obs     $	 & 	        0.95	 & 	        2.77	 & 	       27.64	 & 	       63.76	 & 	        4.87 \\ 
$p_I_obs   $	 & 	        0.11	 & 	       67.81	 & 	        9.40	 & 	       22.18	 & 	        0.50 \\ 
$C_obs     $	 & 	        4.60	 & 	        2.11	 & 	       21.16	 & 	       51.53	 & 	       20.60 \\ 
$NC_obs    $	 & 	        2.74	 & 	        1.26	 & 	       44.74	 & 	       30.68	 & 	       20.58 \\ 
$NI_obs    $	 & 	        0.83	 & 	        0.96	 & 	       36.98	 & 	       55.19	 & 	        6.03 \\ 
$N_obs     $	 & 	        0.63	 & 	        1.17	 & 	       43.05	 & 	       40.89	 & 	       14.26 \\ 
$util_obs  $	 & 	        0.01	 & 	        1.99	 & 	       16.25	 & 	       70.10	 & 	       11.65 \\ 
$log_Y     $	 & 	        2.19	 & 	        9.06	 & 	       11.47	 & 	       35.19	 & 	       42.08 \\ 
$log_Y_N   $	 & 	        0.01	 & 	        4.61	 & 	       51.28	 & 	        0.28	 & 	       43.82 \\ 
$log_I     $	 & 	        0.03	 & 	       12.32	 & 	       16.88	 & 	       49.12	 & 	       21.65 \\ 
$log_p_I   $	 & 	        0.14	 & 	       91.70	 & 	        1.93	 & 	        5.58	 & 	        0.65 \\ 
$log_C     $	 & 	        4.89	 & 	        6.72	 & 	        8.25	 & 	       26.38	 & 	       53.75 \\ 
$log_N     $	 & 	        1.70	 & 	        4.74	 & 	       19.26	 & 	       25.52	 & 	       48.79 \\ 
$log_NC    $	 & 	        3.26	 & 	        4.48	 & 	       16.67	 & 	       17.58	 & 	       58.01 \\ 
$log_NI    $	 & 	        0.05	 & 	        4.74	 & 	       22.93	 & 	       44.00	 & 	       28.27 \\ 
$util      $	 & 	        0.03	 & 	        7.38	 & 	        7.86	 & 	       42.21	 & 	       42.52 \\ 
\end{longtable}
 \end{center}
% End of TeX file.
