% 08-Feb-2024 10:58:41, created by display_conditional_variance_decomposition.m 
 
\begin{center}
\begin{longtable}{lccccc} 
\caption{CONDITIONAL VARIANCE DECOMPOSITION (in percent); Period 8}\\
 \label{Table:th_var_decomp_cond_h8}\\
\toprule 
$              $	 & 	 $       {e_g}$	 & 	 $    {e_{ZI}}$	 & 	 $       {e_N}$	 & 	 $       {e_D}$	 & 	 $       {e_C}$\\
\midrule \endfirsthead 
\caption{(continued)}\\
 \toprule \\ 
$              $	 & 	 $       {e_g}$	 & 	 $    {e_{ZI}}$	 & 	 $       {e_N}$	 & 	 $       {e_D}$	 & 	 $       {e_C}$\\
\midrule \endhead 
\midrule \multicolumn{6}{r}{(Continued on next page)} \\ \bottomrule \endfoot 
\bottomrule \endlastfoot 
$Y_obs         $	 & 	        2.61	 & 	        2.46	 & 	       24.78	 & 	       57.11	 & 	       13.04 \\ 
$lab_prod_obs  $	 & 	       42.06	 & 	        0.50	 & 	       51.64	 & 	        0.16	 & 	        5.63 \\ 
$I_obs         $	 & 	        0.92	 & 	        2.83	 & 	       27.74	 & 	       63.29	 & 	        5.22 \\ 
$p_I_obs       $	 & 	        0.11	 & 	       67.92	 & 	        9.50	 & 	       21.89	 & 	        0.58 \\ 
$C_obs         $	 & 	        4.45	 & 	        2.09	 & 	       21.75	 & 	       50.58	 & 	       21.13 \\ 
$N_obs         $	 & 	        0.63	 & 	        1.18	 & 	       43.29	 & 	       40.22	 & 	       14.67 \\ 
$util_obs      $	 & 	        0.01	 & 	        2.01	 & 	       16.70	 & 	       69.06	 & 	       12.22 \\ 
$log_Y         $	 & 	        1.41	 & 	        3.95	 & 	       21.70	 & 	       52.42	 & 	       20.52 \\ 
$log_Y_N       $	 & 	        0.00	 & 	        1.76	 & 	       80.91	 & 	        0.38	 & 	       16.94 \\ 
$log_I         $	 & 	        0.02	 & 	        4.58	 & 	       25.62	 & 	       61.30	 & 	        8.49 \\ 
$log_p_I       $	 & 	        0.13	 & 	       75.95	 & 	        6.83	 & 	       16.39	 & 	        0.71 \\ 
$log_C         $	 & 	        4.01	 & 	        3.24	 & 	       17.52	 & 	       42.71	 & 	       32.52 \\ 
$log_N         $	 & 	        1.05	 & 	        1.92	 & 	       37.06	 & 	       36.60	 & 	       23.37 \\ 
$log_NC        $	 & 	        2.42	 & 	        1.95	 & 	       37.17	 & 	       25.76	 & 	       32.70 \\ 
$log_NI        $	 & 	        0.03	 & 	        1.72	 & 	       34.00	 & 	       53.53	 & 	       10.72 \\ 
$util          $	 & 	        0.02	 & 	        3.25	 & 	       14.52	 & 	       62.56	 & 	       19.64 \\ 
\end{longtable}
 \end{center}
% End of TeX file.
