% 08-Feb-2024 10:58:41, created by display_conditional_variance_decomposition.m 
 
\begin{center}
\begin{longtable}{lccccc} 
\caption{CONDITIONAL VARIANCE DECOMPOSITION (in percent); Period 4}\\
 \label{Table:th_var_decomp_cond_h4}\\
\toprule 
$              $	 & 	 $       {e_g}$	 & 	 $    {e_{ZI}}$	 & 	 $       {e_N}$	 & 	 $       {e_D}$	 & 	 $       {e_C}$\\
\midrule \endfirsthead 
\caption{(continued)}\\
 \toprule \\ 
$              $	 & 	 $       {e_g}$	 & 	 $    {e_{ZI}}$	 & 	 $       {e_N}$	 & 	 $       {e_D}$	 & 	 $       {e_C}$\\
\midrule \endhead 
\midrule \multicolumn{6}{r}{(Continued on next page)} \\ \bottomrule \endfoot 
\bottomrule \endlastfoot 
$Y_obs         $	 & 	        2.63	 & 	        2.48	 & 	       24.71	 & 	       57.02	 & 	       13.16 \\ 
$lab_prod_obs  $	 & 	       42.35	 & 	        0.51	 & 	       51.31	 & 	        0.16	 & 	        5.67 \\ 
$I_obs         $	 & 	        0.93	 & 	        2.87	 & 	       27.67	 & 	       63.22	 & 	        5.30 \\ 
$p_I_obs       $	 & 	        0.11	 & 	       68.51	 & 	        9.31	 & 	       21.49	 & 	        0.59 \\ 
$C_obs         $	 & 	        4.47	 & 	        2.10	 & 	       21.70	 & 	       50.51	 & 	       21.23 \\ 
$N_obs         $	 & 	        0.64	 & 	        1.19	 & 	       43.16	 & 	       40.20	 & 	       14.81 \\ 
$util_obs      $	 & 	        0.01	 & 	        2.03	 & 	       16.65	 & 	       68.94	 & 	       12.36 \\ 
$log_Y         $	 & 	        1.16	 & 	        3.14	 & 	       23.54	 & 	       55.63	 & 	       16.52 \\ 
$log_Y_N       $	 & 	        0.00	 & 	        1.32	 & 	       85.38	 & 	        0.35	 & 	       12.95 \\ 
$log_I         $	 & 	        0.02	 & 	        3.52	 & 	       26.92	 & 	       63.02	 & 	        6.52 \\ 
$log_p_I       $	 & 	        0.11	 & 	       72.19	 & 	        8.10	 & 	       18.99	 & 	        0.61 \\ 
$log_C         $	 & 	        3.46	 & 	        2.67	 & 	       19.61	 & 	       46.79	 & 	       27.47 \\ 
$log_N         $	 & 	        0.86	 & 	        1.51	 & 	       40.41	 & 	       38.54	 & 	       18.69 \\ 
$log_NC        $	 & 	        2.04	 & 	        1.57	 & 	       41.75	 & 	       27.56	 & 	       27.08 \\ 
$log_NI        $	 & 	        0.02	 & 	        1.31	 & 	       35.67	 & 	       54.81	 & 	        8.19 \\ 
$util          $	 & 	        0.02	 & 	        2.56	 & 	       15.69	 & 	       66.27	 & 	       15.47 \\ 
\end{longtable}
 \end{center}
% End of TeX file.
