% 08-Feb-2024 10:58:41, created by display_conditional_variance_decomposition.m 
 
\begin{center}
\begin{longtable}{lccccc} 
\caption{CONDITIONAL VARIANCE DECOMPOSITION (in percent); Period 1}\\
 \label{Table:th_var_decomp_cond_h1}\\
\toprule 
$              $	 & 	 $       {e_g}$	 & 	 $    {e_{ZI}}$	 & 	 $       {e_N}$	 & 	 $       {e_D}$	 & 	 $       {e_C}$\\
\midrule \endfirsthead 
\caption{(continued)}\\
 \toprule \\ 
$              $	 & 	 $       {e_g}$	 & 	 $    {e_{ZI}}$	 & 	 $       {e_N}$	 & 	 $       {e_D}$	 & 	 $       {e_C}$\\
\midrule \endhead 
\midrule \multicolumn{6}{r}{(Continued on next page)} \\ \bottomrule \endfoot 
\bottomrule \endlastfoot 
$Y_obs         $	 & 	        2.66	 & 	        2.52	 & 	       24.59	 & 	       56.90	 & 	       13.33 \\ 
$lab_prod_obs  $	 & 	       43.01	 & 	        0.51	 & 	       50.70	 & 	        0.01	 & 	        5.77 \\ 
$I_obs         $	 & 	        0.93	 & 	        2.91	 & 	       27.60	 & 	       63.21	 & 	        5.36 \\ 
$p_I_obs       $	 & 	        0.00	 & 	       97.30	 & 	        0.81	 & 	        1.84	 & 	        0.04 \\ 
$C_obs         $	 & 	        4.56	 & 	        2.14	 & 	       21.47	 & 	       50.15	 & 	       21.68 \\ 
$N_obs         $	 & 	        0.64	 & 	        1.21	 & 	       42.95	 & 	       40.14	 & 	       15.06 \\ 
$util_obs      $	 & 	        0.01	 & 	        2.07	 & 	       16.57	 & 	       68.79	 & 	       12.56 \\ 
$log_Y         $	 & 	        0.92	 & 	        2.56	 & 	       25.03	 & 	       57.92	 & 	       13.57 \\ 
$log_Y_N       $	 & 	        0.00	 & 	        0.90	 & 	       88.96	 & 	        0.02	 & 	       10.12 \\ 
$log_I         $	 & 	        0.03	 & 	        2.93	 & 	       27.85	 & 	       63.78	 & 	        5.41 \\ 
$log_p_I       $	 & 	        0.00	 & 	       97.30	 & 	        0.81	 & 	        1.84	 & 	        0.04 \\ 
$log_C         $	 & 	        2.44	 & 	        2.19	 & 	       21.95	 & 	       51.26	 & 	       22.16 \\ 
$log_N         $	 & 	        0.64	 & 	        1.21	 & 	       42.95	 & 	       40.14	 & 	       15.06 \\ 
$log_NC        $	 & 	        1.44	 & 	        1.29	 & 	       45.28	 & 	       30.21	 & 	       21.78 \\ 
$log_NI        $	 & 	        0.03	 & 	        1.03	 & 	       37.17	 & 	       55.15	 & 	        6.62 \\ 
$util          $	 & 	        0.01	 & 	        2.07	 & 	       16.57	 & 	       68.79	 & 	       12.56 \\ 
\end{longtable}
 \end{center}
% End of TeX file.
