% 09-Feb-2024 12:48:14, created by disp_th_moments.m 
 
\begin{center}
\begin{longtable}{lccccc} 
\caption{VARIANCE DECOMPOSITION (in percent)}\\
 \label{Table:th_var_decomp_uncond}\\
\toprule 
$           $	 & 	 $       {e_g}$	 & 	 $    {e_{ZI}}$	 & 	 $       {e_N}$	 & 	 $       {e_D}$	 & 	 $       {e_C}$\\
\midrule \endfirsthead 
\caption{(continued)}\\
 \toprule \\ 
$           $	 & 	 $       {e_g}$	 & 	 $    {e_{ZI}}$	 & 	 $       {e_N}$	 & 	 $       {e_D}$	 & 	 $       {e_C}$\\
\midrule \endhead 
\midrule \multicolumn{6}{r}{(Continued on next page)} \\ \bottomrule \endfoot 
\bottomrule \endlastfoot 
$Y\_obs     $	 & 	        2.70	 & 	        2.46	 & 	       24.40	 & 	       57.90	 & 	       12.55 \\ 
$Y\_N\_obs  $	 & 	       42.47	 & 	        0.51	 & 	       51.30	 & 	        0.17	 & 	        5.56 \\ 
$I\_obs     $	 & 	        0.95	 & 	        2.77	 & 	       27.64	 & 	       63.76	 & 	        4.87 \\ 
$p\_I\_obs  $	 & 	        0.11	 & 	       67.81	 & 	        9.40	 & 	       22.18	 & 	        0.50 \\ 
$C\_obs     $	 & 	        4.60	 & 	        2.12	 & 	       21.15	 & 	       51.51	 & 	       20.61 \\ 
$NC\_obs    $	 & 	        2.74	 & 	        1.26	 & 	       44.73	 & 	       30.68	 & 	       20.58 \\ 
$NI\_obs    $	 & 	        0.83	 & 	        0.96	 & 	       36.98	 & 	       55.19	 & 	        6.03 \\ 
$N\_obs     $	 & 	        0.63	 & 	        1.18	 & 	       43.04	 & 	       40.89	 & 	       14.26 \\ 
$util\_obs  $	 & 	        0.01	 & 	        1.99	 & 	       16.25	 & 	       70.10	 & 	       11.65 \\ 
$log\_Y     $	 & 	        0.10	 & 	       26.63	 & 	        0.24	 & 	        0.77	 & 	       72.26 \\ 
$log\_Y\_N  $	 & 	        0.00	 & 	        9.28	 & 	        2.37	 & 	        0.01	 & 	       88.34 \\ 
$log\_I     $	 & 	        0.00	 & 	       38.80	 & 	        0.94	 & 	        2.74	 & 	       57.52 \\ 
$log\_p\_I  $	 & 	        0.01	 & 	       99.76	 & 	        0.05	 & 	        0.14	 & 	        0.04 \\ 
$log\_C     $	 & 	        0.15	 & 	       23.25	 & 	        0.14	 & 	        0.47	 & 	       75.99 \\ 
$log\_N     $	 & 	        0.08	 & 	       18.12	 & 	        0.42	 & 	        0.61	 & 	       80.77 \\ 
$log\_NC    $	 & 	        0.12	 & 	       18.18	 & 	        0.28	 & 	        0.37	 & 	       81.06 \\ 
$log\_NI    $	 & 	        0.01	 & 	       17.71	 & 	        1.31	 & 	        2.52	 & 	       78.45 \\ 
${util}     $	 & 	        0.00	 & 	       17.86	 & 	        0.32	 & 	        1.73	 & 	       80.07 \\ 
\end{longtable}
 \end{center}
% End of TeX file.
