% 09-Feb-2024 12:48:14, created by display_conditional_variance_decomposition.m 
 
\begin{center}
\begin{longtable}{lccccc} 
\caption{CONDITIONAL VARIANCE DECOMPOSITION (in percent); Period 4}\\
 \label{Table:th_var_decomp_cond_h4}\\
\toprule 
$          $	 & 	 $       {e_g}$	 & 	 $    {e_{ZI}}$	 & 	 $       {e_N}$	 & 	 $       {e_D}$	 & 	 $       {e_C}$\\
\midrule \endfirsthead 
\caption{(continued)}\\
 \toprule \\ 
$          $	 & 	 $       {e_g}$	 & 	 $    {e_{ZI}}$	 & 	 $       {e_N}$	 & 	 $       {e_D}$	 & 	 $       {e_C}$\\
\midrule \endhead 
\midrule \multicolumn{6}{r}{(Continued on next page)} \\ \bottomrule \endfoot 
\bottomrule \endlastfoot 
$Y_obs     $	 & 	        2.74	 & 	        2.49	 & 	       24.27	 & 	       57.77	 & 	       12.74 \\ 
$Y_N_obs   $	 & 	       43.00	 & 	        0.51	 & 	       50.70	 & 	        0.16	 & 	        5.63 \\ 
$I_obs     $	 & 	        0.98	 & 	        2.85	 & 	       27.51	 & 	       63.66	 & 	        5.01 \\ 
$p_I_obs   $	 & 	        0.11	 & 	       68.82	 & 	        9.06	 & 	       21.50	 & 	        0.51 \\ 
$C_obs     $	 & 	        4.63	 & 	        2.12	 & 	       21.06	 & 	       51.41	 & 	       20.77 \\ 
$NC_obs    $	 & 	        2.77	 & 	        1.27	 & 	       44.43	 & 	       30.72	 & 	       20.82 \\ 
$NI_obs    $	 & 	        0.85	 & 	        0.98	 & 	       36.85	 & 	       55.13	 & 	        6.18 \\ 
$N_obs     $	 & 	        0.64	 & 	        1.19	 & 	       42.80	 & 	       40.87	 & 	       14.49 \\ 
$util_obs  $	 & 	        0.01	 & 	        2.03	 & 	       16.16	 & 	       69.90	 & 	       11.90 \\ 
$log_Y     $	 & 	        1.16	 & 	        3.10	 & 	       22.64	 & 	       57.33	 & 	       15.77 \\ 
$log_Y_N   $	 & 	        0.00	 & 	        1.36	 & 	       85.19	 & 	        0.35	 & 	       13.10 \\ 
$log_I     $	 & 	        0.02	 & 	        3.43	 & 	       26.13	 & 	       64.38	 & 	        6.04 \\ 
$log_p_I   $	 & 	        0.11	 & 	       72.70	 & 	        7.69	 & 	       18.99	 & 	        0.52 \\ 
$log_C     $	 & 	        3.47	 & 	        2.66	 & 	       18.69	 & 	       48.63	 & 	       26.56 \\ 
$log_N     $	 & 	        0.86	 & 	        1.49	 & 	       39.45	 & 	       40.07	 & 	       18.13 \\ 
$log_NC    $	 & 	        2.06	 & 	        1.59	 & 	       40.77	 & 	       28.96	 & 	       26.62 \\ 
$log_NI    $	 & 	        0.02	 & 	        1.26	 & 	       34.81	 & 	       56.21	 & 	        7.70 \\ 
$util      $	 & 	        0.01	 & 	        2.50	 & 	       14.85	 & 	       68.04	 & 	       14.60 \\ 
\end{longtable}
 \end{center}
% End of TeX file.
