% 12-Feb-2024 14:16:17, created by display_conditional_variance_decomposition.m 
 
\begin{center}
\begin{longtable}{lccccc} 
\caption{CONDITIONAL VARIANCE DECOMPOSITION (in percent); Period 40}\\
 \label{Table:th_var_decomp_cond_h40}\\
\toprule 
$          $	 & 	 $       {e_g}$	 & 	 $    {e_{ZI}}$	 & 	 $       {e_N}$	 & 	 $       {e_D}$	 & 	 $       {e_C}$\\
\midrule \endfirsthead 
\caption{(continued)}\\
 \toprule \\ 
$          $	 & 	 $       {e_g}$	 & 	 $    {e_{ZI}}$	 & 	 $       {e_N}$	 & 	 $       {e_D}$	 & 	 $       {e_C}$\\
\midrule \endhead 
\midrule \multicolumn{6}{r}{(Continued on next page)} \\ \bottomrule \endfoot 
\bottomrule \endlastfoot 
$Y_obs     $	 & 	        0.95	 & 	        2.24	 & 	       19.61	 & 	       56.12	 & 	       21.08 \\ 
$Y_N_obs   $	 & 	       44.23	 & 	        0.52	 & 	       48.24	 & 	        0.21	 & 	        6.80 \\ 
$I_obs     $	 & 	        0.40	 & 	        2.94	 & 	       21.89	 & 	       64.90	 & 	        9.87 \\ 
$p_I_obs   $	 & 	        0.05	 & 	       63.63	 & 	        9.04	 & 	       26.21	 & 	        1.07 \\ 
$C_obs     $	 & 	        1.36	 & 	        1.80	 & 	       17.80	 & 	       49.73	 & 	       29.30 \\ 
$NC_obs    $	 & 	        2.14	 & 	        1.19	 & 	       35.39	 & 	       32.75	 & 	       28.54 \\ 
$NI_obs    $	 & 	        0.29	 & 	        1.01	 & 	       30.79	 & 	       56.41	 & 	       11.49 \\ 
$util_obs  $	 & 	        0.45	 & 	        1.74	 & 	       14.31	 & 	       63.20	 & 	       20.30 \\ 
$log_Y     $	 & 	        3.77	 & 	        6.94	 & 	       10.77	 & 	       21.41	 & 	       57.11 \\ 
$log_Y_N   $	 & 	        0.00	 & 	        3.83	 & 	       53.52	 & 	        0.24	 & 	       42.40 \\ 
$log_I     $	 & 	        0.83	 & 	       11.23	 & 	       15.99	 & 	       33.90	 & 	       38.05 \\ 
$log_p_I   $	 & 	        0.07	 & 	       90.02	 & 	        2.64	 & 	        5.73	 & 	        1.54 \\ 
$log_C     $	 & 	        5.64	 & 	        5.07	 & 	        8.47	 & 	       16.24	 & 	       64.57 \\ 
$log_N     $	 & 	        2.93	 & 	        3.88	 & 	       17.07	 & 	       15.84	 & 	       60.28 \\ 
$log_NC    $	 & 	        4.03	 & 	        3.62	 & 	       15.14	 & 	       11.60	 & 	       65.61 \\ 
$log_NI    $	 & 	        0.84	 & 	        4.31	 & 	       21.35	 & 	       29.01	 & 	       44.48 \\ 
$log_util  $	 & 	        1.14	 & 	        5.64	 & 	        8.20	 & 	       24.84	 & 	       60.19 \\ 
\end{longtable}
 \end{center}
% End of TeX file.
