% 12-Feb-2024 14:16:17, created by display_conditional_variance_decomposition.m 
 
\begin{center}
\begin{longtable}{lccccc} 
\caption{CONDITIONAL VARIANCE DECOMPOSITION (in percent); Period 1}\\
 \label{Table:th_var_decomp_cond_h1}\\
\toprule 
$          $	 & 	 $       {e_g}$	 & 	 $    {e_{ZI}}$	 & 	 $       {e_N}$	 & 	 $       {e_D}$	 & 	 $       {e_C}$\\
\midrule \endfirsthead 
\caption{(continued)}\\
 \toprule \\ 
$          $	 & 	 $       {e_g}$	 & 	 $    {e_{ZI}}$	 & 	 $       {e_N}$	 & 	 $       {e_D}$	 & 	 $       {e_C}$\\
\midrule \endhead 
\midrule \multicolumn{6}{r}{(Continued on next page)} \\ \bottomrule \endfoot 
\bottomrule \endlastfoot 
$Y_obs     $	 & 	        0.97	 & 	        2.29	 & 	       19.64	 & 	       55.48	 & 	       21.62 \\ 
$Y_N_obs   $	 & 	       45.10	 & 	        0.53	 & 	       47.42	 & 	        0.01	 & 	        6.95 \\ 
$I_obs     $	 & 	        0.41	 & 	        3.04	 & 	       21.97	 & 	       64.39	 & 	       10.20 \\ 
$p_I_obs   $	 & 	        0.00	 & 	       97.76	 & 	        0.54	 & 	        1.64	 & 	        0.06 \\ 
$C_obs     $	 & 	        1.40	 & 	        1.83	 & 	       17.77	 & 	       48.92	 & 	       30.08 \\ 
$NC_obs    $	 & 	        2.18	 & 	        1.20	 & 	       35.22	 & 	       32.15	 & 	       29.25 \\ 
$NI_obs    $	 & 	        0.30	 & 	        1.04	 & 	       30.87	 & 	       55.90	 & 	       11.88 \\ 
$util_obs  $	 & 	        0.46	 & 	        1.80	 & 	       14.34	 & 	       62.44	 & 	       20.96 \\ 
$log_Y     $	 & 	        1.83	 & 	        2.27	 & 	       19.47	 & 	       54.99	 & 	       21.43 \\ 
$log_Y_N   $	 & 	        0.00	 & 	        0.96	 & 	       86.37	 & 	        0.02	 & 	       12.65 \\ 
$log_I     $	 & 	        0.34	 & 	        3.04	 & 	       21.98	 & 	       64.43	 & 	       10.21 \\ 
$log_p_I   $	 & 	        0.00	 & 	       97.76	 & 	        0.54	 & 	        1.64	 & 	        0.06 \\ 
$log_C     $	 & 	        3.26	 & 	        1.80	 & 	       17.43	 & 	       48.00	 & 	       29.51 \\ 
$log_N     $	 & 	        1.36	 & 	        1.17	 & 	       34.31	 & 	       40.38	 & 	       22.78 \\ 
$log_NC    $	 & 	        2.18	 & 	        1.20	 & 	       35.22	 & 	       32.15	 & 	       29.25 \\ 
$log_NI    $	 & 	        0.30	 & 	        1.04	 & 	       30.87	 & 	       55.90	 & 	       11.88 \\ 
$log_util  $	 & 	        0.46	 & 	        1.80	 & 	       14.34	 & 	       62.44	 & 	       20.96 \\ 
\end{longtable}
 \end{center}
% End of TeX file.
