% 12-Feb-2024 14:16:17, created by disp_th_moments.m 
 
\begin{center}
\begin{longtable}{lccccc} 
\caption{VARIANCE DECOMPOSITION (in percent)}\\
 \label{Table:th_var_decomp_uncond}\\
\toprule 
$           $	 & 	 $       {e_g}$	 & 	 $    {e_{ZI}}$	 & 	 $       {e_N}$	 & 	 $       {e_D}$	 & 	 $       {e_C}$\\
\midrule \endfirsthead 
\caption{(continued)}\\
 \toprule \\ 
$           $	 & 	 $       {e_g}$	 & 	 $    {e_{ZI}}$	 & 	 $       {e_N}$	 & 	 $       {e_D}$	 & 	 $       {e_C}$\\
\midrule \endhead 
\midrule \multicolumn{6}{r}{(Continued on next page)} \\ \bottomrule \endfoot 
\bottomrule \endlastfoot 
$Y\_obs     $	 & 	        0.95	 & 	        2.26	 & 	       19.59	 & 	       56.08	 & 	       21.12 \\ 
$Y\_N\_obs  $	 & 	       44.23	 & 	        0.52	 & 	       48.24	 & 	        0.21	 & 	        6.80 \\ 
$I\_obs     $	 & 	        0.40	 & 	        2.94	 & 	       21.89	 & 	       64.89	 & 	        9.88 \\ 
$p\_I\_obs  $	 & 	        0.05	 & 	       63.64	 & 	        9.04	 & 	       26.20	 & 	        1.08 \\ 
$C\_obs     $	 & 	        1.37	 & 	        1.83	 & 	       17.78	 & 	       49.66	 & 	       29.37 \\ 
$NC\_obs    $	 & 	        2.14	 & 	        1.21	 & 	       35.35	 & 	       32.72	 & 	       28.58 \\ 
$NI\_obs    $	 & 	        0.29	 & 	        1.01	 & 	       30.79	 & 	       56.40	 & 	       11.50 \\ 
$util\_obs  $	 & 	        0.45	 & 	        1.75	 & 	       14.30	 & 	       63.19	 & 	       20.32 \\ 
$log\_Y     $	 & 	        0.12	 & 	       11.92	 & 	        0.14	 & 	        0.26	 & 	       87.56 \\ 
$log\_Y\_N  $	 & 	        0.00	 & 	        4.67	 & 	        3.02	 & 	        0.01	 & 	       92.29 \\ 
$log\_I     $	 & 	        0.06	 & 	       16.27	 & 	        0.38	 & 	        0.79	 & 	       82.49 \\ 
$log\_p\_I  $	 & 	        0.01	 & 	       99.31	 & 	        0.14	 & 	        0.30	 & 	        0.25 \\ 
$log\_C     $	 & 	        0.13	 & 	       10.89	 & 	        0.11	 & 	        0.19	 & 	       88.68 \\ 
$log\_N     $	 & 	        0.10	 & 	        9.43	 & 	        0.22	 & 	        0.22	 & 	       90.02 \\ 
$log\_NC    $	 & 	        0.12	 & 	        9.43	 & 	        0.17	 & 	        0.16	 & 	       90.12 \\ 
$log\_NI    $	 & 	        0.06	 & 	        9.46	 & 	        0.49	 & 	        0.67	 & 	       89.32 \\ 
$log\_util  $	 & 	        0.06	 & 	        9.38	 & 	        0.16	 & 	        0.44	 & 	       89.97 \\ 
\end{longtable}
 \end{center}
% End of TeX file.
