Starting Dynare (version 5.4).
Calling Dynare with arguments: none
Starting preprocessing of the model file ...
Found 53 equation(s).
Evaluating expressions...done
Computing static model derivatives (order 1).
Computing dynamic model derivatives (order 1).
Processing outputs ...
done
Preprocessing completed.





Residuals of the static equations:

Equation number 1 : 0 : Labor composite
Equation number 2 : 0 : Labor leisure
Equation number 3 : 0 : Shopping:C
Equation number 4 : 0 : Shopping:I
Equation number 5 : 0 : Composite utility term
Equation number 6 : 0 : External habit stock
Equation number 7 : 0 : Tobins Q
Equation number 8 : 0 : Euler equation: C
Equation number 9 : 0 : Euler equation: I
Equation number 10 : 0 : Investment-capital ratio: x
Equation number 11 : 0 : Utilization: C
Equation number 12 : 0 : Utilization: I
Equation number 13 : 0 : Depreciation rate: C
Equation number 14 : 0 : Depreciation rate: I
Equation number 15 : 0 : Depreciation rate derivative: C
Equation number 16 : 0 : Depreciation rate derivative: I
Equation number 17 : 0 : Consumption production
Equation number 18 : 0 : Investment production
Equation number 19 : 0 : Capital law of motion
Equation number 20 : 0 : Labor demand:C
Equation number 21 : 0 : Labor demand:I
Equation number 22 : 0 : Capital demand:C
Equation number 23 : 0 : Capital demand:I
Equation number 24 : 0 : Labor composition
Equation number 25 : 0 : Capital composition
Equation number 26 : 0 : Shopping composition
Equation number 27 : 0 : Output (base-year prices)
Equation number 28 : 0 : Capacity utilization
Equation number 29 : 0 : exogenous TFP growth process
Equation number 30 : 0 : output growth related to TFP growth
Equation number 31 : 0 : investment-specific TFP process
Equation number 32 : 0 : Labor supply process
Equation number 33 : 0 : Shopping effort process
Equation number 34 : 0 : Consumption preference process
Equation number 35 : 0 : Definition log output
Equation number 36 : 0 : Definition log consumption
Equation number 37 : 0 : Definition log investment
Equation number 38 : 0 : Definition log hours
Equation number 39 : 0 : Definition log labor productivity
Equation number 40 : 0 : log_NI
Equation number 41 : 0 : log_Y_N
Equation number 42 : 0 : Definition log shopping effort
Equation number 43 : 0 : Definition of log relative investment  price
Equation number 44 : 0 : Definition of log capacity utilization
Equation number 45 : 0 : C_obs
Equation number 46 : 0 : I_obs
Equation number 47 : 0 : Y_obs
Equation number 48 : 0 : Y_N_obs
Equation number 49 : 0 : p_I_obs
Equation number 50 : 0 : N_obs
Equation number 51 : 0 : NC_obs
Equation number 52 : 0 : NI_obs
Equation number 53 : 0 : util_obs



STEADY-STATE RESULTS:

Y          		 1
C          		 0.8
I          		 0.2
K          		 11.0817
K_C        		 8.86536
K_I        		 2.21634
N          		 0.3
N_C        		 0.24
N_I        		 0.06
N_comp     		 0.3
Z_I        		 0
theta_N    		 0
theta_D    		 0
theta_C    		 0
R_C        		 0.0305134
R_I        		 0.0305134
W          		 2.23333
h_C        		 1
h_I        		 1
delta_C    		 0.0107544
delta_I    		 0.0107544
delta_C_pr 		 0.0206078
delta_I_pr 		 0.0206078
D          		 0.82902
D_C        		 0.663216
D_I        		 0.165804
Gam        		 0.556477
ha         		 0.556477
p_I        		 1
Q          		 1.48067
x          		 0.0181818
util       		 0.81
g          		 0.0074
g_z        		 0.00572253
log_Y      		 0
log_C      		 0
log_I      		 0
log_N      		 0
log_NC     		 0
log_NI     		 0
log_Y_N    		 0
log_D      		 0
log_p_I    		 0
log_util   		 0
C_obs      		 0
I_obs      		 0
Y_obs      		 0
Y_N_obs    		 0
p_I_obs    		 0
N_obs      		 0
NC_obs     		 0
NI_obs     		 0
util_obs   		 0

EIGENVALUES:
         Modulus             Real        Imaginary

               0                0                0
               0                0                0
       2.487e-18        2.487e-18                0
       5.943e-18        5.943e-18                0
       6.042e-18        6.042e-18                0
       6.192e-18        6.192e-18                0
       3.011e-17       -3.011e-17                0
       4.345e-17        4.345e-17                0
       1.167e-16        1.167e-16                0
       2.201e-14        2.201e-14                0
        3.36e-11        -3.36e-11                0
        3.36e-11         3.36e-11                0
       3.841e-09        3.841e-09                0
       3.841e-09       -3.841e-09                0
             0.2              0.2                0
             0.9              0.9                0
             0.9              0.9                0
             0.9              0.9                0
             0.9              0.9                0
          0.9888           0.9888                0
           1.018            1.018                0
        1.53e+15         1.53e+15                0
       2.983e+16        2.983e+16                0
        7.35e+16         7.35e+16                0
       9.544e+16       -9.544e+16                0
       9.764e+16        9.764e+16                0
       2.294e+17        2.294e+17                0
       3.929e+17       -3.929e+17                0
       8.145e+17       -8.145e+17                0
        8.59e+18        -8.59e+18                0
       1.253e+19       -1.253e+19                0


There are 11 eigenvalue(s) larger than 1 in modulus 
for 11 forward-looking variable(s)

The rank condition is verified.


Initial value of the log posterior (or likelihood): 3126.5544

POSTERIOR KERNEL OPTIMIZATION PROBLEM!
 (minus) the hessian matrix at the "mode" is not positive definite!
=> posterior variance of the estimated parameters are not positive.
You should try to change the initial values of the parameters using
the estimated_params_init block, or use another optimization routine.
[Warning: The results below are most likely wrong!] 
[> In <a href="matlab:matlab.internal.language.introspective.errorDocCallback('dynare_estimation_1', 'C:\dynare\5.4\matlab\dynare_estimation_1.m', 318)" style="font-weight:bold">dynare_estimation_1</a> (<a href="matlab: opentoline('C:\dynare\5.4\matlab\dynare_estimation_1.m',318,0)">line 318</a>)
In <a href="matlab:matlab.internal.language.introspective.errorDocCallback('dynare_estimation', 'C:\dynare\5.4\matlab\dynare_estimation.m', 118)" style="font-weight:bold">dynare_estimation</a> (<a href="matlab: opentoline('C:\dynare\5.4\matlab\dynare_estimation.m',118,0)">line 118</a>)
In <a href="matlab:matlab.internal.language.introspective.errorDocCallback('BRS_imp_mobility_alt.driver', 'C:\Users\msilva913\Documents\GitHub\Shopping-effort-variable-capital-utilization-and-Solow-residual\Programs\Estimation BRS\+BRS_imp_mobility_alt\driver.m', 604)" style="font-weight:bold">BRS_imp_mobility_alt.driver</a> (<a href="matlab: opentoline('C:\Users\msilva913\Documents\GitHub\Shopping-effort-variable-capital-utilization-and-Solow-residual\Programs\Estimation BRS\+BRS_imp_mobility_alt\driver.m',604,0)">line 604</a>)
In <a href="matlab:matlab.internal.language.introspective.errorDocCallback('dynare', 'C:\dynare\5.4\matlab\dynare.m', 278)" style="font-weight:bold">dynare</a> (<a href="matlab: opentoline('C:\dynare\5.4\matlab\dynare.m',278,0)">line 278</a>)] 

MODE CHECK

Fval obtained by the minimization routine (minus the posterior/likelihood)): -3126.554428
[Warning: Matrix is singular, close to singular or badly scaled. Results may be inaccurate. RCOND = NaN.] 
[> In <a href="matlab:matlab.internal.language.introspective.errorDocCallback('dynare_estimation_1', 'C:\dynare\5.4\matlab\dynare_estimation_1.m', 341)" style="font-weight:bold">dynare_estimation_1</a> (<a href="matlab: opentoline('C:\dynare\5.4\matlab\dynare_estimation_1.m',341,0)">line 341</a>)
In <a href="matlab:matlab.internal.language.introspective.errorDocCallback('dynare_estimation', 'C:\dynare\5.4\matlab\dynare_estimation.m', 118)" style="font-weight:bold">dynare_estimation</a> (<a href="matlab: opentoline('C:\dynare\5.4\matlab\dynare_estimation.m',118,0)">line 118</a>)
In <a href="matlab:matlab.internal.language.introspective.errorDocCallback('BRS_imp_mobility_alt.driver', 'C:\Users\msilva913\Documents\GitHub\Shopping-effort-variable-capital-utilization-and-Solow-residual\Programs\Estimation BRS\+BRS_imp_mobility_alt\driver.m', 604)" style="font-weight:bold">BRS_imp_mobility_alt.driver</a> (<a href="matlab: opentoline('C:\Users\msilva913\Documents\GitHub\Shopping-effort-variable-capital-utilization-and-Solow-residual\Programs\Estimation BRS\+BRS_imp_mobility_alt\driver.m',604,0)">line 604</a>)
In <a href="matlab:matlab.internal.language.introspective.errorDocCallback('dynare', 'C:\dynare\5.4\matlab\dynare.m', 278)" style="font-weight:bold">dynare</a> (<a href="matlab: opentoline('C:\dynare\5.4\matlab\dynare.m',278,0)">line 278</a>)
] 

RESULTS FROM POSTERIOR ESTIMATION
parameters
        prior mean     mode    s.d.  prior pstdev

sigma_a     0.3200   0.5195     NaN   gamm 0.2000 
Psi_K       1.5000   0.5341     NaN   gamm 1.0000 
zeta        0.5000   0.0023     NaN   beta 0.2500 
eta         0.2000   2.8579     NaN   gamm 0.1500 
theta       5.7637   1.4354     NaN   gamm 5.0000 
rho_g       0.1000   0.0626     NaN   beta 0.0500 
rho_ZI      0.6000   0.9997     NaN   beta 0.2000 
rho_N       0.6000   0.9236     NaN   beta 0.2000 
rho_D       0.6000   0.9023     NaN   beta 0.2000 
rho_C       0.6000   0.9998     NaN   beta 0.2000 

standard deviation of shocks
        prior mean     mode    s.d.  prior pstdev

e_ZI        0.0100   0.0074     NaN   invg 0.1000 
e_g         0.0100   0.0108     NaN   invg 0.1000 
e_N         0.0100   0.0144     NaN   invg 0.1000 
e_D         0.0100   0.0140     NaN   invg 0.1000 
e_C         0.0100   0.0052     NaN   invg 0.1000 


Log data density [Laplace approximation] is NaN.

Estimation::mcmc: Total number of MH draws per chain: 250000.
Estimation::mcmc: Total number of generated MH files: 1.
Estimation::mcmc: I'll use mh-files 1 to 1.
Estimation::mcmc: In MH-file number 1 I'll start at line 75001.
Estimation::mcmc: Finally I keep 175000 draws per chain.



MCMC Inefficiency factors per block
Parameter       Block 1     Block 2
SE_e_ZI          78.534      67.902
SE_e_g          134.093     125.567
SE_e_N          242.252     254.999
SE_e_D          288.870     282.733
SE_e_C          246.427     285.732
sigma_a         746.399     741.521
Psi_K           746.125     746.954
zeta            596.987     613.010
eta             742.437     733.825
theta           743.078     741.981
rho_g           739.632     747.464
rho_ZI           32.222      31.779
rho_N           740.126     726.808
rho_D           721.314     732.600
rho_C            25.502      26.376

Estimation::mcmc::diagnostics: Univariate convergence diagnostic, Brooks and Gelman (1998):
    Parameter 1...  Done! 
    Parameter 2...  Done! 
    Parameter 3...  Done! 
    Parameter 4...  Done! 
    Parameter 5...  Done! 
    Parameter 6...  Done! 
    Parameter 7...  Done! 
    Parameter 8...  Done! 
    Parameter 9...  Done! 
    Parameter 10...  Done! 
    Parameter 11...  Done! 
    Parameter 12...  Done! 
    Parameter 13...  Done! 
    Parameter 14...  Done! 
    Parameter 15...  Done! 

Estimation::marginal density: I'm computing the posterior mean and covariance...  Done!
Estimation::marginal density: I'm computing the posterior log marginal density (modified harmonic mean)... Done!


ESTIMATION RESULTS

Log data density is 3107.693445.

parameters
          prior mean   post. mean        90% HPD interval    prior       pstdev

sigma_a        0.320       0.5517      0.4899      0.5899     gamm       0.2000
Psi_K          1.500       0.5216      0.0895      0.8436     gamm       1.0000
zeta           0.500       0.0063      0.0001      0.0127     beta       0.2500
eta            0.200       2.8739      2.8475      2.9107     gamm       0.1500
theta          5.764       1.6832      0.4109      3.0303     gamm       5.0000
rho_g          0.100       0.0548      0.0343      0.0868     beta       0.0500
rho_ZI         0.600       0.9995      0.9990      1.0000     beta       0.2000
rho_N          0.600       0.9296      0.9036      0.9499     beta       0.2000
rho_D          0.600       0.9039      0.8822      0.9229     beta       0.2000
rho_C          0.600       0.9996      0.9993      1.0000     beta       0.2000

standard deviation of shocks
          prior mean   post. mean        90% HPD interval    prior       pstdev

e_ZI           0.010       0.0075      0.0069      0.0080     invg       0.1000
e_g            0.010       0.0109      0.0100      0.0117     invg       0.1000
e_N            0.010       0.0145      0.0133      0.0157     invg       0.1000
e_D            0.010       0.0142      0.0130      0.0154     invg       0.1000
e_C            0.010       0.0056      0.0050      0.0061     invg       0.1000
Estimation::compute_moments_varendo: I'm computing endogenous moments (this may take a while)... 


Posterior mean variance decomposition (in percent)
               e_g    e_ZI     e_N     e_D     e_C
Y_obs         0.95    2.26   19.57   56.14   21.08
Y_N_obs      44.40    0.52   48.06    0.21    6.81
I_obs         0.41    2.94   21.82   64.94    9.89
p_I_obs       0.05   63.49    9.00   26.37    1.09
C_obs         1.38    1.83   17.79   49.74   29.26
NC_obs        2.15    1.21   35.28   32.85   28.51
NI_obs        0.30    1.01   30.68   56.50   11.52
util_obs      0.45    1.75   14.30   63.22   20.28
log_Y         0.10   16.59    0.13    0.24   82.94
log_Y_N       0.00    7.52    2.88    0.01   89.58
log_I         0.05   20.95    0.34    0.69   77.97
log_p_I       0.01   99.30    0.14    0.30    0.25
log_C         0.12   15.48    0.10    0.17   84.13
log_N         0.09   13.78    0.21    0.21   85.71
log_NC        0.10   13.80    0.17    0.15   85.78
log_NI        0.05   13.65    0.46    0.61   85.23
util          0.05   13.72    0.15    0.40   85.68


Done!


MODEL SUMMARY

  Number of variables:         53
  Number of stochastic shocks: 5
  Number of state variables:   20
  Number of jumpers:           11
  Number of static variables:  23


MATRIX OF COVARIANCE OF EXOGENOUS SHOCKS
Variables         e_g      e_ZI       e_N       e_D       e_C
e_g          0.000118  0.000000  0.000000  0.000000  0.000000
e_ZI         0.000000  0.000056  0.000000  0.000000  0.000000
e_N          0.000000  0.000000  0.000211  0.000000  0.000000
e_D          0.000000  0.000000  0.000000  0.000202  0.000000
e_C          0.000000  0.000000  0.000000  0.000000  0.000031



THEORETICAL MOMENTS
VARIABLE         MEAN  STD. DEV.   VARIANCE
Y_obs          0.0000     0.0608     0.0037
Y_N_obs        0.0000     0.0212     0.0004
I_obs          0.0000     0.1172     0.0137
p_I_obs        0.0000     0.0095     0.0001
C_obs          0.0000     0.0475     0.0023
NC_obs         0.0000     0.0585     0.0034
NI_obs         0.0000     0.1243     0.0155
util_obs       0.0000     0.0424     0.0018
log_Y          0.0000     2.6534     7.0405
log_Y_N        0.0000     0.2173     0.0472
log_I          0.0000     2.7605     7.6205
log_p_I        0.0000     0.2358     0.0556
log_C          0.0000     2.6308     6.9209
log_N          0.0000     2.8347     8.0357
log_NC         0.0000     2.8276     7.9952
log_NI         0.0000     2.8701     8.2373
log_util       0.0000     1.2800     1.6385



VARIANCE DECOMPOSITION (in percent)
               e_g    e_ZI     e_N     e_D     e_C
Y_obs         0.95    2.26   19.59   56.08   21.12
Y_N_obs      44.23    0.52   48.24    0.21    6.80
I_obs         0.40    2.94   21.89   64.89    9.88
p_I_obs       0.05   63.64    9.04   26.20    1.08
C_obs         1.37    1.83   17.78   49.66   29.37
NC_obs        2.14    1.21   35.35   32.72   28.58
NI_obs        0.29    1.01   30.79   56.40   11.50
util_obs      0.45    1.75   14.30   63.19   20.32
log_Y         0.12   11.92    0.14    0.26   87.56
log_Y_N       0.00    4.67    3.02    0.01   92.29
log_I         0.06   16.27    0.38    0.79   82.49
log_p_I       0.01   99.31    0.14    0.30    0.25
log_C         0.13   10.89    0.11    0.19   88.68
log_N         0.10    9.43    0.22    0.22   90.02
log_NC        0.12    9.43    0.17    0.16   90.12
log_NI        0.06    9.46    0.49    0.67   89.32
log_util      0.06    9.38    0.16    0.44   89.97

CONDITIONAL VARIANCE DECOMPOSITION (in percent)
Period 1:
               e_g    e_ZI     e_N     e_D     e_C
Y_obs         0.97    2.29   19.64   55.48   21.62
Y_N_obs      45.10    0.53   47.42    0.01    6.95
I_obs         0.41    3.04   21.97   64.39   10.20
p_I_obs       0.00   97.76    0.54    1.64    0.06
C_obs         1.40    1.83   17.77   48.92   30.08
NC_obs        2.18    1.20   35.22   32.15   29.25
NI_obs        0.30    1.04   30.87   55.90   11.88
util_obs      0.46    1.80   14.34   62.44   20.96
log_Y         1.83    2.27   19.47   54.99   21.43
log_Y_N       0.00    0.96   86.37    0.02   12.65
log_I         0.34    3.04   21.98   64.43   10.21
log_p_I       0.00   97.76    0.54    1.64    0.06
log_C         3.26    1.80   17.43   48.00   29.51
log_N         1.36    1.17   34.31   40.38   22.78
log_NC        2.18    1.20   35.22   32.15   29.25
log_NI        0.30    1.04   30.87   55.90   11.88
log_util      0.46    1.80   14.34   62.44   20.96
Period 4:
               e_g    e_ZI     e_N     e_D     e_C
Y_obs         0.96    2.26   19.59   55.84   21.34
Y_N_obs      44.68    0.52   47.72    0.20    6.87
I_obs         0.41    3.01   21.89   64.59   10.10
p_I_obs       0.05   64.66    8.82   25.38    1.09
C_obs         1.37    1.80   17.79   49.52   29.51
NC_obs        2.16    1.19   35.22   32.65   28.79
NI_obs        0.30    1.03   30.78   56.17   11.73
util_obs      0.45    1.77   14.30   62.84   20.64
log_Y         2.36    2.74   19.07   50.14   25.69
log_Y_N       0.00    1.33   83.23    0.41   15.03
log_I         0.36    3.61   22.53   61.34   12.17
log_p_I       0.05   69.73    7.80   21.33    1.09
log_C         4.42    2.14   16.25   41.63   35.56
log_N         1.79    1.40   33.25   36.17   27.40
log_NC        2.92    1.41   33.30   27.52   34.85
log_NI        0.36    1.29   31.06   52.80   14.50
log_util      0.61    2.19   14.19   57.50   25.51
Period 8:
               e_g    e_ZI     e_N     e_D     e_C
Y_obs         0.95    2.25   19.58   56.02   21.20
Y_N_obs      44.48    0.52   47.95    0.21    6.84
I_obs         0.41    2.97   21.85   64.80    9.98
p_I_obs       0.05   64.11    8.91   25.85    1.08
C_obs         1.37    1.80   17.79   49.66   29.39
NC_obs        2.15    1.18   35.28   32.72   28.66
NI_obs        0.30    1.02   30.74   56.35   11.61
util_obs      0.45    1.76   14.28   63.06   20.46
log_Y         2.76    3.34   18.33   44.72   30.84
log_Y_N       0.00    1.67   79.50    0.41   18.42
log_I         0.43    4.58   22.58   56.96   15.45
log_p_I       0.06   73.35    7.18   18.12    1.29
log_C         5.00    2.55   15.21   36.17   41.08
log_N         2.10    1.72   31.32   32.14   32.72
log_NC        3.33    1.70   30.54   24.07   40.37
log_NI        0.44    1.65   30.79   48.79   18.34
log_util      0.73    2.71   13.79   51.52   31.24
Period 40:
               e_g    e_ZI     e_N     e_D     e_C
Y_obs         0.95    2.24   19.61   56.12   21.08
Y_N_obs      44.23    0.52   48.24    0.21    6.80
I_obs         0.40    2.94   21.89   64.90    9.87
p_I_obs       0.05   63.63    9.04   26.21    1.07
C_obs         1.36    1.80   17.80   49.73   29.30
NC_obs        2.14    1.19   35.39   32.75   28.54
NI_obs        0.29    1.01   30.79   56.41   11.49
util_obs      0.45    1.74   14.31   63.20   20.30
log_Y         3.77    6.94   10.77   21.41   57.11
log_Y_N       0.00    3.83   53.52    0.24   42.40
log_I         0.83   11.23   15.99   33.90   38.05
log_p_I       0.07   90.02    2.64    5.73    1.54
log_C         5.64    5.07    8.47   16.24   64.57
log_N         2.93    3.88   17.07   15.84   60.28
log_NC        4.03    3.62   15.14   11.60   65.61
log_NI        0.84    4.31   21.35   29.01   44.48
log_util      1.14    5.64    8.20   24.84   60.19



MATRIX OF CORRELATIONS
Variables       Y_obs   Y_N_obs     I_obs   p_I_obs     C_obs    NC_obs    NI_obs  util_obs     log_Y   log_Y_N     log_I   log_p_I     log_C     log_N    log_NC    log_NI  log_util
Y_obs          1.0000   -0.3463    0.9832   -0.2042    0.9936    0.9386    0.9730    0.9830    0.0108   -0.0305    0.0233   -0.0038    0.0075    0.0124    0.0094    0.0245    0.0194
Y_N_obs       -0.3463    1.0000   -0.3417   -0.0528   -0.3434   -0.6391   -0.4955   -0.4094   -0.0044    0.0272   -0.0069   -0.0049   -0.0038   -0.0062   -0.0055   -0.0090   -0.0055
I_obs          0.9832   -0.3417    1.0000   -0.2733    0.9563    0.9089    0.9838    0.9744    0.0092   -0.0254    0.0209    0.0007    0.0062    0.0106    0.0077    0.0221    0.0167
p_I_obs       -0.2042   -0.0528   -0.2733    1.0000   -0.1581   -0.1419   -0.1872   -0.1920   -0.0025    0.0067   -0.0123    0.0202    0.0000   -0.0029   -0.0008   -0.0110   -0.0073
C_obs          0.9936   -0.3434    0.9563   -0.1581    1.0000    0.9412    0.9500    0.9718    0.0116   -0.0331    0.0245   -0.0065    0.0082    0.0134    0.0103    0.0256    0.0208
NC_obs         0.9386   -0.6391    0.9089   -0.1419    0.9412    1.0000    0.9566    0.9433    0.0111   -0.0369    0.0228   -0.0041    0.0080    0.0132    0.0103    0.0244    0.0191
NI_obs         0.9730   -0.4955    0.9838   -0.1872    0.9500    0.9566    1.0000    0.9762    0.0093   -0.0282    0.0201    0.0027    0.0065    0.0109    0.0081    0.0217    0.0163
util_obs       0.9830   -0.4094    0.9744   -0.1920    0.9718    0.9433    0.9762    1.0000    0.0091   -0.0240    0.0199    0.0011    0.0062    0.0103    0.0076    0.0210    0.0166
log_Y          0.0108   -0.0044    0.0092   -0.0025    0.0116    0.0111    0.0093    0.0091    1.0000   -0.8221    0.9952   -0.3455    0.9997    0.9990    0.9990    0.9968    0.9978
log_Y_N       -0.0305    0.0272   -0.0254    0.0067   -0.0331   -0.0369   -0.0282   -0.0240   -0.8221    1.0000   -0.7911   -0.1934   -0.8289   -0.8461   -0.8448   -0.8494   -0.8475
log_I          0.0233   -0.0069    0.0209   -0.0123    0.0245    0.0228    0.0201    0.0199    0.9952   -0.7911    1.0000   -0.4139    0.9924    0.9922    0.9910    0.9945    0.9938
log_p_I       -0.0038   -0.0049    0.0007    0.0202   -0.0065   -0.0041    0.0027    0.0011   -0.3455   -0.1934   -0.4139    1.0000   -0.3270   -0.3086   -0.3061   -0.3178   -0.3145
log_C          0.0075   -0.0038    0.0062    0.0000    0.0082    0.0080    0.0065    0.0062    0.9997   -0.8289    0.9924   -0.3270    1.0000    0.9993    0.9995    0.9958    0.9973
log_N          0.0124   -0.0062    0.0106   -0.0029    0.0134    0.0132    0.0109    0.0103    0.9990   -0.8461    0.9922   -0.3086    0.9993    1.0000    0.9999    0.9981    0.9990
log_NC         0.0094   -0.0055    0.0077   -0.0008    0.0103    0.0103    0.0081    0.0076    0.9990   -0.8448    0.9910   -0.3061    0.9995    0.9999    1.0000    0.9971    0.9983
log_NI         0.0245   -0.0090    0.0221   -0.0110    0.0256    0.0244    0.0217    0.0210    0.9968   -0.8494    0.9945   -0.3178    0.9958    0.9981    0.9971    1.0000    0.9993
log_util       0.0194   -0.0055    0.0167   -0.0073    0.0208    0.0191    0.0163    0.0166    0.9978   -0.8475    0.9938   -0.3145    0.9973    0.9990    0.9983    0.9993    1.0000



COEFFICIENTS OF AUTOCORRELATION
Order             1        2        3        4        5
Y_obs       -0.0470  -0.0253  -0.0227  -0.0205  -0.0184
Y_N_obs     -0.0111  -0.0133  -0.0135  -0.0127  -0.0118
I_obs        0.0253  -0.0392  -0.0359  -0.0326  -0.0296
p_I_obs      0.0995  -0.0209  -0.0191  -0.0174  -0.0159
C_obs       -0.0862  -0.0159  -0.0139  -0.0122  -0.0107
NC_obs      -0.0714  -0.0175  -0.0157  -0.0141  -0.0127
NI_obs      -0.0215  -0.0347  -0.0318  -0.0290  -0.0264
util_obs    -0.0456  -0.0298  -0.0269  -0.0243  -0.0220
log_Y        0.9997   0.9995   0.9993   0.9991   0.9989
log_Y_N      0.9974   0.9951   0.9929   0.9909   0.9890
log_I        0.9991   0.9982   0.9973   0.9965   0.9957
log_p_I      0.9992   0.9982   0.9973   0.9963   0.9955
log_C        0.9998   0.9997   0.9996   0.9994   0.9993
log_N        0.9997   0.9994   0.9991   0.9989   0.9987
log_NC       0.9998   0.9996   0.9994   0.9993   0.9991
log_NI       0.9991   0.9982   0.9973   0.9966   0.9958
log_util     0.9995   0.9990   0.9985   0.9980   0.9976
Total computing time : 0h03m34s
Note: warning(s) encountered in MATLAB/Octave code
