Starting Dynare (version 5.4).
Calling Dynare with arguments: none
Starting preprocessing of the model file ...
Substitution of endo lags >= 2: added 1 auxiliary variables and equations.
Found 44 equation(s).
Evaluating expressions...done
Computing static model derivatives (order 1).
Computing dynamic model derivatives (order 2).
Processing outputs ...
done
Preprocessing completed.


MODEL SUMMARY

  Number of variables:         44
  Number of stochastic shocks: 5
  Number of state variables:   12
  Number of jumpers:           11
  Number of static variables:  25


MATRIX OF COVARIANCE OF EXOGENOUS SHOCKS
Variables        e_ZI       e_Z    e_shop    e_zeta     e_chi
e_ZI         0.007200  0.000000  0.000000  0.000000  0.000000
e_Z          0.000000  0.007200  0.000000  0.000000  0.000000
e_shop       0.000000  0.000000  0.007200  0.000000  0.000000
e_zeta       0.000000  0.000000  0.000000  0.007200  0.000000
e_chi        0.000000  0.000000  0.000000  0.000000  0.000000



THEORETICAL MOMENTS
VARIABLE            MEAN  STD. DEV.   VARIANCE
C_obs             0.0000     5.5003    30.2538
Y_obs             0.0000    10.0031   100.0623
SR_obs            0.0000     7.1393    50.9691
SR_util_obs       0.0000     3.5390    12.5246
TI_obs            0.0000    32.3458  1046.2476
L                 0.0000     4.1722    17.4075
p_I_obs           0.0000    14.1051   198.9528
Gamma_C           0.0000     0.6159     0.3794
Gamma_I           0.0000     1.5698     2.4642



VARIANCE DECOMPOSITION (in percent)
                 e_ZI     e_Z  e_shop  e_zeta   e_chi
C_obs            0.10   99.87    0.01    0.02    0.00
Y_obs            0.12   99.86    0.00    0.02    0.00
SR_obs           0.05   99.94    0.00    0.01    0.00
SR_util_obs      0.07   99.91    0.00    0.02    0.00
TI_obs           0.14   99.84    0.00    0.02    0.00
L                0.14   99.83    0.01    0.03    0.00
p_I_obs          0.09   99.89    0.01    0.01    0.00
Gamma_C          0.10   99.19    0.69    0.02    0.00
Gamma_I          0.16   99.65    0.00    0.18    0.00

CONDITIONAL VARIANCE DECOMPOSITION (in percent)
Period 1:
                 e_ZI     e_Z  e_shop  e_zeta   e_chi
C_obs            0.00   99.98    0.02    0.00    0.00
Y_obs            0.90   98.95    0.00    0.15    0.00
SR_obs          23.67   72.39    0.88    3.06    0.00
SR_util_obs      0.02   99.95    0.00    0.03    0.00
TI_obs           0.34   99.61    0.00    0.06    0.00
L                0.10   99.88    0.00    0.02    0.00
p_I_obs          1.40   98.38    0.08    0.14    0.00
Gamma_C          0.00   98.03    1.97    0.00    0.00
Gamma_I          0.14   99.73    0.00    0.13    0.00
Period 4:
                 e_ZI     e_Z  e_shop  e_zeta   e_chi
C_obs            0.00   99.98    0.02    0.00    0.00
Y_obs            1.23   98.56    0.01    0.20    0.00
SR_obs           3.35   96.09    0.14    0.42    0.00
SR_util_obs      0.02   99.95    0.00    0.03    0.00
TI_obs           0.41   99.52    0.00    0.07    0.00
L                0.11   99.87    0.00    0.03    0.00
p_I_obs          2.19   97.46    0.14    0.22    0.00
Gamma_C          0.00   97.70    2.29    0.00    0.00
Gamma_I          0.16   99.69    0.00    0.15    0.00
Period 8:
                 e_ZI     e_Z  e_shop  e_zeta   e_chi
C_obs            0.01   99.96    0.02    0.00    0.00
Y_obs            1.85   97.84    0.01    0.30    0.00
SR_obs           0.94   98.90    0.04    0.11    0.00
SR_util_obs      0.01   99.96    0.00    0.03    0.00
TI_obs           0.54   99.37    0.00    0.09    0.00
L                0.12   99.85    0.00    0.03    0.00
p_I_obs          3.59   95.83    0.23    0.35    0.00
Gamma_C          0.01   97.26    2.73    0.00    0.00
Gamma_I          0.19   99.63    0.00    0.18    0.00
Period 40:
                 e_ZI     e_Z  e_shop  e_zeta   e_chi
C_obs            0.28   99.63    0.04    0.05    0.00
Y_obs            0.52   99.39    0.00    0.09    0.00
SR_obs           0.06   99.93    0.01    0.01    0.00
SR_util_obs      0.04   99.93    0.00    0.03    0.00
TI_obs           0.37   99.57    0.00    0.06    0.00
L                0.13   99.84    0.01    0.03    0.00
p_I_obs          0.30   99.65    0.03    0.03    0.00
Gamma_C          0.27   95.34    4.34    0.05    0.00
Gamma_I          0.20   99.52    0.00    0.27    0.00



MATRIX OF CORRELATIONS
Variables            C_obs        Y_obs       SR_obs  SR_util_obs       TI_obs            L      p_I_obs      Gamma_C      Gamma_I
C_obs               1.0000       0.7903       0.3427       0.9297       0.5080      -0.5925      -0.7181      -0.9972       0.1636
Y_obs               0.7903       1.0000       0.6361       0.5746       0.9293       0.0201      -0.9774      -0.7878      -0.4685
SR_obs              0.3427       0.6361       1.0000       0.3510       0.6876       0.1872      -0.7838      -0.3420      -0.4215
SR_util_obs         0.9297       0.5746       0.3510       1.0000       0.2473      -0.7894      -0.5426      -0.9265       0.4444
TI_obs              0.5080       0.9293       0.6876       0.2473       1.0000       0.3855      -0.9410      -0.5062      -0.7572
L                  -0.5925       0.0201       0.1872      -0.7894       0.3855       1.0000      -0.0853       0.5911      -0.8913
p_I_obs            -0.7181      -0.9774      -0.7838      -0.5426      -0.9410      -0.0853       1.0000       0.7149       0.5075
Gamma_C            -0.9972      -0.7878      -0.3420      -0.9265      -0.5062       0.5911       0.7149       1.0000      -0.1631
Gamma_I             0.1636      -0.4685      -0.4215       0.4444      -0.7572      -0.8913       0.5075      -0.1631       1.0000



COEFFICIENTS OF AUTOCORRELATION
Order               1       2       3       4       5
C_obs          0.9926  0.9857  0.9793  0.9733  0.9677
Y_obs          0.9960  0.9916  0.9869  0.9818  0.9764
SR_obs         0.9992  0.9968  0.9931  0.9880  0.9817
SR_util_obs    0.9710  0.9439  0.9185  0.8948  0.8727
TI_obs         0.9806  0.9613  0.9421  0.9230  0.9040
L              0.9443  0.8914  0.8413  0.7938  0.7487
p_I_obs        0.9970  0.9933  0.9891  0.9844  0.9791
Gamma_C        0.9925  0.9855  0.9790  0.9729  0.9672
Gamma_I        0.9420  0.8864  0.8331  0.7821  0.7333
Total computing time : 0h00m04s
