Starting Dynare (version 5.4).
Calling Dynare with arguments: none
Starting preprocessing of the model file ...
Substitution of endo lags >= 2: added 1 auxiliary variables and equations.
Found 37 equation(s).
Evaluating expressions...done
Computing static model derivatives (order 1).
Computing dynamic model derivatives (order 2).
Processing outputs ...
done
Preprocessing completed.

[Warning: Some of the parameters have no value (A) when using stoch_simul. If these parameters are not initialized in a
steadystate file or a steady_state_model-block, Dynare may not be able to solve the model. Note that simul,
perfect_foresight_setup, and perfect_foresight_solver do not automatically call the steady state file.] 

MODEL SUMMARY

  Number of variables:         37
  Number of stochastic shocks: 2
  Number of state variables:   9
  Number of jumpers:           5
  Number of static variables:  23


MATRIX OF COVARIANCE OF EXOGENOUS SHOCKS
Variables         e_Z     e_chi
e_Z          0.007200  0.000000
e_chi        0.000000  0.000000



THEORETICAL MOMENTS
VARIABLE             MEAN  STD. DEV.   VARIANCE
C_obs              0.0000     0.5236     0.2741
Y_obs              0.0000     0.5725     0.3277
lab_prod_obs       0.0000     0.5505     0.3031
labor_share        0.0000     0.0170     0.0003
SR_obs             0.0000     0.3848     0.1481
TI_obs             0.0000     0.7750     0.6006
L_C                0.0000     0.0381     0.0014
L_I                0.0000     0.2765     0.0765
L                  0.0000     0.0274     0.0008
p_I_obs            0.0000     0.0215     0.0005
w                  0.0000     0.5400     0.2916



VARIANCE DECOMPOSITION (in percent)
                   e_Z   e_chi
C_obs           100.00    0.00
Y_obs           100.00    0.00
lab_prod_obs    100.00    0.00
labor_share     100.00    0.00
SR_obs          100.00    0.00
TI_obs          100.00    0.00
L_C             100.00    0.00
L_I             100.00    0.00
L               100.00    0.00
p_I_obs         100.00    0.00
w               100.00    0.00

CONDITIONAL VARIANCE DECOMPOSITION (in percent)
Period 1:
                   e_Z   e_chi
C_obs           100.00    0.00
Y_obs           100.00    0.00
lab_prod_obs    100.00    0.00
labor_share     100.00    0.00
SR_obs          100.00    0.00
TI_obs          100.00    0.00
L_C             100.00    0.00
L_I             100.00    0.00
L               100.00    0.00
p_I_obs         100.00    0.00
w               100.00    0.00
Period 4:
                   e_Z   e_chi
C_obs           100.00    0.00
Y_obs           100.00    0.00
lab_prod_obs    100.00    0.00
labor_share     100.00    0.00
SR_obs          100.00    0.00
TI_obs          100.00    0.00
L_C             100.00    0.00
L_I             100.00    0.00
L               100.00    0.00
p_I_obs         100.00    0.00
w               100.00    0.00
Period 8:
                   e_Z   e_chi
C_obs           100.00    0.00
Y_obs           100.00    0.00
lab_prod_obs    100.00    0.00
labor_share     100.00    0.00
SR_obs          100.00    0.00
TI_obs          100.00    0.00
L_C             100.00    0.00
L_I             100.00    0.00
L               100.00    0.00
p_I_obs         100.00    0.00
w               100.00    0.00
Period 40:
                   e_Z   e_chi
C_obs           100.00    0.00
Y_obs           100.00    0.00
lab_prod_obs    100.00    0.00
labor_share     100.00    0.00
SR_obs          100.00    0.00
TI_obs          100.00    0.00
L_C             100.00    0.00
L_I             100.00    0.00
L               100.00    0.00
p_I_obs         100.00    0.00
w               100.00    0.00



MATRIX OF CORRELATIONS
Variables              C_obs         Y_obs  lab_prod_obs   labor_share        SR_obs        TI_obs           L_C           L_I             L       p_I_obs             w
C_obs                 1.0000        0.9977        0.9992       -0.6062        0.9345        0.9706       -0.7680        0.7680        0.7680        0.6062        0.9997
Y_obs                 0.9977        1.0000        0.9996       -0.6511        0.9564        0.9847       -0.8097        0.8097        0.8097        0.6511        0.9987
lab_prod_obs          0.9992        0.9996        1.0000       -0.6316        0.9475        0.9792       -0.7922        0.7922        0.7922        0.6316        0.9997
labor_share          -0.6062       -0.6511       -0.6316        1.0000       -0.8213       -0.7526        0.9134       -0.9134       -0.9134       -1.0000       -0.6125
SR_obs                0.9345        0.9564        0.9475       -0.8213        1.0000        0.9924       -0.9454        0.9454        0.9454        0.8213        0.9402
TI_obs                0.9706        0.9847        0.9792       -0.7526        0.9924        1.0000       -0.8995        0.8995        0.8995        0.7526        0.9746
L_C                  -0.7680       -0.8097       -0.7922        0.9134       -0.9454       -0.8995        1.0000       -1.0000       -1.0000       -0.9134       -0.7789
L_I                   0.7680        0.8097        0.7922       -0.9134        0.9454        0.8995       -1.0000        1.0000        1.0000        0.9134        0.7789
L                     0.7680        0.8097        0.7922       -0.9134        0.9454        0.8995       -1.0000        1.0000        1.0000        0.9134        0.7789
p_I_obs               0.6062        0.6511        0.6316       -1.0000        0.8213        0.7526       -0.9134        0.9134        0.9134        1.0000        0.6125
w                     0.9997        0.9987        0.9997       -0.6125        0.9402        0.9746       -0.7789        0.7789        0.7789        0.6125        1.0000



COEFFICIENTS OF AUTOCORRELATION
Order                1       2       3       4       5
C_obs           0.9867  0.9734  0.9602  0.9470  0.9339
Y_obs           0.9838  0.9677  0.9518  0.9360  0.9205
lab_prod_obs    0.9851  0.9703  0.9557  0.9411  0.9266
labor_share     0.9108  0.8281  0.7515  0.6806  0.6151
SR_obs          0.9675  0.9361  0.9057  0.8763  0.8478
TI_obs          0.9757  0.9520  0.9287  0.9059  0.8835
L_C             0.9549  0.9113  0.8691  0.8284  0.7891
L_I             0.9549  0.9113  0.8691  0.8284  0.7891
L               0.9549  0.9113  0.8691  0.8284  0.7891
p_I_obs         0.9108  0.8281  0.7515  0.6806  0.6151
w               0.9867  0.9734  0.9601  0.9467  0.9333
Total computing time : 0h00m02s
Note: warning(s) encountered in MATLAB/Octave code
