Starting Dynare (version 5.4).
Calling Dynare with arguments: none
Starting preprocessing of the model file ...
Found 23 equation(s).
Evaluating expressions...done
Computing static model derivatives (order 1).
Computing dynamic model derivatives (order 2).
Processing outputs ...
done
Preprocessing completed.


MODEL SUMMARY

  Number of variables:         23
  Number of stochastic shocks: 1
  Number of state variables:   5
  Number of jumpers:           3
  Number of static variables:  15


MATRIX OF COVARIANCE OF EXOGENOUS SHOCKS
Variables         e_Z
e_Z          0.007200



THEORETICAL MOMENTS
VARIABLE             MEAN  STD. DEV.   VARIANCE
C_obs              0.0000     0.5363     0.2876
TI_obs             0.0000     0.8655     0.7492
Y_obs              0.0000     0.5867     0.3442
lab_prod_obs       0.0000     0.5636     0.3176
labor_share        0.0000     0.0206     0.0004
L_C                0.0000     0.0597     0.0036
L_I                0.0000     0.4339     0.1883
L                  0.0000     0.0430     0.0019
p_I_obs            0.0000     0.0260     0.0007

CONDITIONAL VARIANCE DECOMPOSITION (in percent)
Period 1:
                   e_Z
C_obs           100.00
TI_obs          100.00
Y_obs           100.00
lab_prod_obs    100.00
labor_share     100.00
L_C             100.00
L_I             100.00
L               100.00
p_I_obs         100.00
Period 4:
                   e_Z
C_obs           100.00
TI_obs          100.00
Y_obs           100.00
lab_prod_obs    100.00
labor_share     100.00
L_C             100.00
L_I             100.00
L               100.00
p_I_obs         100.00
Period 8:
                   e_Z
C_obs           100.00
TI_obs          100.00
Y_obs           100.00
lab_prod_obs    100.00
labor_share     100.00
L_C             100.00
L_I             100.00
L               100.00
p_I_obs         100.00
Period 40:
                   e_Z
C_obs           100.00
TI_obs          100.00
Y_obs           100.00
lab_prod_obs    100.00
labor_share     100.00
L_C             100.00
L_I             100.00
L               100.00
p_I_obs         100.00



MATRIX OF CORRELATIONS
Variables              C_obs        TI_obs         Y_obs  lab_prod_obs   labor_share           L_C           L_I             L       p_I_obs
C_obs                 1.0000        0.8591        0.9876        0.9955       -0.1421       -0.4274        0.4274        0.4274        0.1421
TI_obs                0.8591        1.0000        0.9288        0.9037       -0.1708       -0.8292        0.8292        0.8292        0.1708
Y_obs                 0.9876        0.9288        1.0000        0.9980       -0.1553       -0.5640        0.5640        0.5640        0.1553
lab_prod_obs          0.9955        0.9037        0.9980        1.0000       -0.1465       -0.5108        0.5108        0.5108        0.1465
labor_share          -0.1421       -0.1708       -0.1553       -0.1465        1.0000        0.1979       -0.1979       -0.1979       -1.0000
L_C                  -0.4274       -0.8292       -0.5640       -0.5108        0.1979        1.0000       -1.0000       -1.0000       -0.1979
L_I                   0.4274        0.8292        0.5640        0.5108       -0.1979       -1.0000        1.0000        1.0000        0.1979
L                     0.4274        0.8292        0.5640        0.5108       -0.1979       -1.0000        1.0000        1.0000        0.1979
p_I_obs               0.1421        0.1708        0.1553        0.1465       -1.0000       -0.1979        0.1979        0.1979        1.0000



COEFFICIENTS OF AUTOCORRELATION
Order                 1        2        3        4        5
C_obs            0.9889   0.9835   0.9769   0.9692   0.9607
TI_obs           0.9754   0.9282   0.8841   0.8430   0.8047
Y_obs            0.9878   0.9734   0.9589   0.9441   0.9293
lab_prod_obs     0.9891   0.9788   0.9678   0.9562   0.9442
labor_share      0.0000   0.0000   0.0000   0.0000   0.0000
L_C              0.9506   0.8571   0.7715   0.6933   0.6218
L_I              0.9506   0.8571   0.7715   0.6933   0.6218
L                0.9506   0.8571   0.7715   0.6933   0.6218
p_I_obs         -0.0000   0.0000   0.0000   0.0000   0.0000
Total computing time : 0h00m01s
