% 27-Jul-2025 18:06:16, created by disp_th_moments.m 
 
\begin{center}
\begin{longtable}{lccccccccccc} 
\caption{MATRIX OF CORRELATIONS}\\
 \label{Table:th_corr_matrix}\\
\toprule 
$Variables   $	 & 	 $       Y\_obs$	 & 	 $   Y\_N\_obs$	 & 	 $      SR\_obs$	 & 	 $       I\_obs$	 & 	 $   p\_I\_obs$	 & 	 $       C\_obs$	 & 	 $      NC\_obs$	 & 	 $      NI\_obs$	 & 	 $   {\theta_D}$	 & 	 $       D\_obs$	 & 	 $    util\_obs$\\
\midrule \endfirsthead 
\caption{(continued)}\\
 \toprule \\ 
$Variables   $	 & 	 $       Y\_obs$	 & 	 $   Y\_N\_obs$	 & 	 $      SR\_obs$	 & 	 $       I\_obs$	 & 	 $   p\_I\_obs$	 & 	 $       C\_obs$	 & 	 $      NC\_obs$	 & 	 $      NI\_obs$	 & 	 $   {\theta_D}$	 & 	 $       D\_obs$	 & 	 $    util\_obs$\\
\midrule \endhead 
\midrule \multicolumn{12}{r}{(Continued on next page)} \\ \bottomrule \endfoot 
\bottomrule \endlastfoot 
$Y\_obs      $	 & 	        1.0000	 & 	        0.3016	 & 	        0.6396	 & 	        0.7037	 & 	       -0.0800	 & 	        0.8747	 & 	        0.5291	 & 	        0.6871	 & 	       -0.0797	 & 	        0.3224	 & 	        0.3224 \\ 
$Y\_N\_obs   $	 & 	        0.3016	 & 	        1.0000	 & 	        0.9081	 & 	        0.2561	 & 	       -0.3093	 & 	        0.2338	 & 	       -0.6114	 & 	       -0.2795	 & 	       -0.0500	 & 	        0.0600	 & 	        0.0600 \\ 
$SR\_obs     $	 & 	        0.6396	 & 	        0.9081	 & 	        1.0000	 & 	        0.4890	 & 	       -0.2675	 & 	        0.5329	 & 	       -0.2727	 & 	        0.0656	 & 	       -0.0640	 & 	        0.1852	 & 	        0.1852 \\ 
$I\_obs      $	 & 	        0.7037	 & 	        0.2561	 & 	        0.4890	 & 	        1.0000	 & 	       -0.6661	 & 	        0.2712	 & 	        0.1679	 & 	        0.7958	 & 	       -0.0866	 & 	        0.2663	 & 	        0.2663 \\ 
$p\_I\_obs   $	 & 	       -0.0800	 & 	       -0.3093	 & 	       -0.2675	 & 	       -0.6661	 & 	        1.0000	 & 	        0.3460	 & 	        0.3518	 & 	       -0.2084	 & 	       -0.0018	 & 	        0.1712	 & 	        0.1712 \\ 
$C\_obs      $	 & 	        0.8747	 & 	        0.2338	 & 	        0.5329	 & 	        0.2712	 & 	        0.3460	 & 	        1.0000	 & 	        0.6022	 & 	        0.3880	 & 	       -0.0488	 & 	        0.2551	 & 	        0.2551 \\ 
$NC\_obs     $	 & 	        0.5291	 & 	       -0.6114	 & 	       -0.2727	 & 	        0.1679	 & 	        0.3518	 & 	        0.6022	 & 	        1.0000	 & 	        0.6433	 & 	        0.0015	 & 	        0.1340	 & 	        0.1340 \\ 
$NI\_obs     $	 & 	        0.6871	 & 	       -0.2795	 & 	        0.0656	 & 	        0.7958	 & 	       -0.2084	 & 	        0.3880	 & 	        0.6433	 & 	        1.0000	 & 	       -0.0843	 & 	        0.3782	 & 	        0.3782 \\ 
${\theta_D}  $	 & 	       -0.0797	 & 	       -0.0500	 & 	       -0.0640	 & 	       -0.0866	 & 	       -0.0018	 & 	       -0.0488	 & 	        0.0015	 & 	       -0.0843	 & 	        1.0000	 & 	       -0.2519	 & 	       -0.2519 \\ 
$D\_obs      $	 & 	        0.3224	 & 	        0.0600	 & 	        0.1852	 & 	        0.2663	 & 	        0.1712	 & 	        0.2551	 & 	        0.1340	 & 	        0.3782	 & 	       -0.2519	 & 	        1.0000	 & 	        1.0000 \\ 
$util\_obs   $	 & 	        0.3224	 & 	        0.0600	 & 	        0.1852	 & 	        0.2663	 & 	        0.1712	 & 	        0.2551	 & 	        0.1340	 & 	        0.3782	 & 	       -0.2519	 & 	        1.0000	 & 	        1.0000 \\ 
\end{longtable}
 \end{center}
% End of TeX file.
