% 02-Feb-2024 16:36:21, created by compute_moments_varendo.m 
 
\begin{center}
\begin{longtable}{lccccc} 
\caption{Posterior mean variance decomposition (in percent)}\\
 \label{Table:dsge_post_mean_var_decomp_uncond}\\
\toprule 
$                $	 & 	 $       {e_g}$	 & 	 $    {e_{ZI}}$	 & 	 $       {e_N}$	 & 	 $       {e_D}$	 & 	 $       {e_C}$\\
\midrule \endfirsthead 
\caption{(continued)}\\
 \toprule \\ 
$                $	 & 	 $       {e_g}$	 & 	 $    {e_{ZI}}$	 & 	 $       {e_N}$	 & 	 $       {e_D}$	 & 	 $       {e_C}$\\
\midrule \endhead 
\midrule \multicolumn{6}{r}{(Continued on next page)} \\ \bottomrule \endfoot 
\bottomrule \endlastfoot 
$Y\_obs          $	 & 	        0.01	 & 	        9.73	 & 	        3.07	 & 	       80.63	 & 	        6.57 \\ 
$lab\_prod\_obs  $	 & 	        0.02	 & 	        4.99	 & 	       25.66	 & 	        0.63	 & 	       68.70 \\ 
$I\_obs          $	 & 	        1.24	 & 	        6.44	 & 	       11.53	 & 	       79.52	 & 	        1.28 \\ 
$p\_I\_obs       $	 & 	        0.35	 & 	       86.22	 & 	        2.41	 & 	       10.98	 & 	        0.03 \\ 
$C\_obs          $	 & 	        2.24	 & 	       13.14	 & 	        0.85	 & 	       64.36	 & 	       19.41 \\ 
$N\_obs          $	 & 	        0.00	 & 	        3.89	 & 	       11.00	 & 	       58.48	 & 	       26.62 \\ 
$util\_obs       $	 & 	       44.16	 & 	        3.07	 & 	        0.46	 & 	       51.67	 & 	        0.64 \\ 
$log\_Y          $	 & 	        0.00	 & 	       79.95	 & 	        0.02	 & 	        7.10	 & 	       12.93 \\ 
$log\_Y\_N       $	 & 	        0.01	 & 	       29.82	 & 	        0.11	 & 	        0.38	 & 	       69.68 \\ 
$log\_I          $	 & 	        1.19	 & 	       44.86	 & 	        0.18	 & 	       51.89	 & 	        1.88 \\ 
$log\_p\_I       $	 & 	        0.04	 & 	       98.14	 & 	        0.00	 & 	        1.74	 & 	        0.08 \\ 
$log\_C          $	 & 	        0.34	 & 	       57.50	 & 	        0.02	 & 	       25.30	 & 	       16.83 \\ 
$log\_N          $	 & 	        0.00	 & 	       43.38	 & 	        0.08	 & 	        6.33	 & 	       50.21 \\ 
$log\_NC         $	 & 	        0.23	 & 	       39.94	 & 	        0.03	 & 	       16.88	 & 	       42.92 \\ 
$log\_NI         $	 & 	        1.77	 & 	        9.26	 & 	        0.36	 & 	       75.37	 & 	       13.23 \\ 
${util}          $	 & 	        1.77	 & 	        6.23	 & 	        0.13	 & 	       87.98	 & 	        3.89 \\ 
\end{longtable}
 \end{center}
% End of TeX file.
