% 02-Feb-2024 18:02:57, created by compute_moments_varendo.m 
 
\begin{center}
\begin{longtable}{lccccc} 
\caption{Posterior mean variance decomposition (in percent)}\\
 \label{Table:dsge_post_mean_var_decomp_uncond}\\
\toprule 
$                $	 & 	 $       {e_g}$	 & 	 $    {e_{ZI}}$	 & 	 $       {e_N}$	 & 	 $       {e_D}$	 & 	 $       {e_C}$\\
\midrule \endfirsthead 
\caption{(continued)}\\
 \toprule \\ 
$                $	 & 	 $       {e_g}$	 & 	 $    {e_{ZI}}$	 & 	 $       {e_N}$	 & 	 $       {e_D}$	 & 	 $       {e_C}$\\
\midrule \endhead 
\midrule \multicolumn{6}{r}{(Continued on next page)} \\ \bottomrule \endfoot 
\bottomrule \endlastfoot 
$Y\_obs          $	 & 	        0.00	 & 	        9.62	 & 	        5.39	 & 	       77.88	 & 	        7.10 \\ 
$lab\_prod\_obs  $	 & 	        0.02	 & 	        4.52	 & 	       43.01	 & 	        0.60	 & 	       51.86 \\ 
$I\_obs          $	 & 	        1.09	 & 	        6.17	 & 	       11.74	 & 	       79.79	 & 	        1.22 \\ 
$p\_I\_obs       $	 & 	        0.33	 & 	       85.89	 & 	        2.23	 & 	       11.53	 & 	        0.02 \\ 
$C\_obs          $	 & 	        1.81	 & 	       13.82	 & 	        0.29	 & 	       62.40	 & 	       21.69 \\ 
$N\_obs          $	 & 	        0.00	 & 	        3.98	 & 	       17.92	 & 	       55.54	 & 	       22.56 \\ 
$util\_obs       $	 & 	       41.71	 & 	        3.43	 & 	        0.87	 & 	       52.81	 & 	        1.18 \\ 
$log\_Y          $	 & 	        0.00	 & 	       64.94	 & 	        0.04	 & 	        4.78	 & 	       30.24 \\ 
$log\_Y\_N       $	 & 	        0.01	 & 	       16.74	 & 	        0.13	 & 	        0.13	 & 	       82.99 \\ 
$log\_I          $	 & 	        2.81	 & 	       48.19	 & 	        0.28	 & 	       42.62	 & 	        6.10 \\ 
$log\_p\_I       $	 & 	        0.08	 & 	       98.65	 & 	        0.01	 & 	        1.14	 & 	        0.12 \\ 
$log\_C          $	 & 	        0.52	 & 	       51.03	 & 	        0.02	 & 	       11.16	 & 	       37.27 \\ 
$log\_N          $	 & 	        0.00	 & 	       28.05	 & 	        0.10	 & 	        2.97	 & 	       68.88 \\ 
$log\_NC         $	 & 	        0.28	 & 	       29.08	 & 	        0.04	 & 	        5.95	 & 	       64.64 \\ 
$log\_NI         $	 & 	        3.46	 & 	       10.74	 & 	        0.50	 & 	       52.75	 & 	       32.56 \\ 
${util}          $	 & 	        5.28	 & 	       11.69	 & 	        0.19	 & 	       76.13	 & 	        6.71 \\ 
\end{longtable}
 \end{center}
% End of TeX file.
