% 02-Feb-2024 18:03:16, created by disp_th_moments.m 
 
\begin{center}
\begin{longtable}{lccccc} 
\caption{VARIANCE DECOMPOSITION (in percent)}\\
 \label{Table:th_var_decomp_uncond}\\
\toprule 
$                $	 & 	 $       {e_g}$	 & 	 $    {e_{ZI}}$	 & 	 $       {e_N}$	 & 	 $       {e_D}$	 & 	 $       {e_C}$\\
\midrule \endfirsthead 
\caption{(continued)}\\
 \toprule \\ 
$                $	 & 	 $       {e_g}$	 & 	 $    {e_{ZI}}$	 & 	 $       {e_N}$	 & 	 $       {e_D}$	 & 	 $       {e_C}$\\
\midrule \endhead 
\midrule \multicolumn{6}{r}{(Continued on next page)} \\ \bottomrule \endfoot 
\bottomrule \endlastfoot 
$Y\_obs          $	 & 	        0.00	 & 	        9.60	 & 	        5.38	 & 	       77.95	 & 	        7.06 \\ 
$lab\_prod\_obs  $	 & 	        0.02	 & 	        4.51	 & 	       43.11	 & 	        0.60	 & 	       51.76 \\ 
$I\_obs          $	 & 	        1.08	 & 	        6.14	 & 	       11.74	 & 	       79.83	 & 	        1.20 \\ 
$p\_I\_obs       $	 & 	        0.33	 & 	       86.00	 & 	        2.23	 & 	       11.43	 & 	        0.02 \\ 
$C\_obs          $	 & 	        1.80	 & 	       13.78	 & 	        0.28	 & 	       62.44	 & 	       21.70 \\ 
$N\_obs          $	 & 	        0.00	 & 	        3.97	 & 	       17.95	 & 	       55.58	 & 	       22.50 \\ 
$util\_obs       $	 & 	       41.74	 & 	        3.41	 & 	        0.87	 & 	       52.80	 & 	        1.17 \\ 
$log\_Y          $	 & 	        0.00	 & 	       67.21	 & 	        0.04	 & 	        5.76	 & 	       26.98 \\ 
$log\_Y\_N       $	 & 	        0.01	 & 	       12.16	 & 	        0.15	 & 	        0.12	 & 	       87.57 \\ 
$log\_I          $	 & 	        3.28	 & 	       45.90	 & 	        0.33	 & 	       48.31	 & 	        2.20 \\ 
$log\_p\_I       $	 & 	        0.07	 & 	       98.90	 & 	        0.01	 & 	        0.95	 & 	        0.08 \\ 
$log\_C          $	 & 	        0.61	 & 	       50.44	 & 	        0.02	 & 	       12.98	 & 	       35.95 \\ 
$log\_N          $	 & 	        0.00	 & 	       23.52	 & 	        0.12	 & 	        3.54	 & 	       72.83 \\ 
$log\_NC         $	 & 	        0.31	 & 	       25.65	 & 	        0.05	 & 	        6.60	 & 	       67.40 \\ 
$log\_NI         $	 & 	        4.27	 & 	        4.21	 & 	        0.63	 & 	       63.47	 & 	       27.43 \\ 
${util}          $	 & 	        5.25	 & 	       11.77	 & 	        0.19	 & 	       76.36	 & 	        6.43 \\ 
\end{longtable}
 \end{center}
% End of TeX file.
