% 13-Feb-2024 18:43:37, created by disp_th_moments.m 
 
\begin{center}
\begin{longtable}{lccccccccccccccccc} 
\caption{MATRIX OF CORRELATIONS}\\
 \label{Table:th_corr_matrix}\\
\toprule 
$Variables  $	 & 	 $      Y\_obs$	 & 	 $  Y\_N\_obs$	 & 	 $      I\_obs$	 & 	 $  p\_I\_obs$	 & 	 $      C\_obs$	 & 	 $     NC\_obs$	 & 	 $     NI\_obs$	 & 	 $   util\_obs$	 & 	 $      log\_Y$	 & 	 $  log\_Y\_N$	 & 	 $      log\_I$	 & 	 $  log\_p\_I$	 & 	 $      log\_C$	 & 	 $      log\_N$	 & 	 $     log\_NC$	 & 	 $     log\_NI$	 & 	 $   log\_util$\\
\midrule \endfirsthead 
\caption{(continued)}\\
 \toprule \\ 
$Variables  $	 & 	 $      Y\_obs$	 & 	 $  Y\_N\_obs$	 & 	 $      I\_obs$	 & 	 $  p\_I\_obs$	 & 	 $      C\_obs$	 & 	 $     NC\_obs$	 & 	 $     NI\_obs$	 & 	 $   util\_obs$	 & 	 $      log\_Y$	 & 	 $  log\_Y\_N$	 & 	 $      log\_I$	 & 	 $  log\_p\_I$	 & 	 $      log\_C$	 & 	 $      log\_N$	 & 	 $     log\_NC$	 & 	 $     log\_NI$	 & 	 $   log\_util$\\
\midrule \endhead 
\midrule \multicolumn{18}{r}{(Continued on next page)} \\ \bottomrule \endfoot 
\bottomrule \endlastfoot 
$Y\_obs     $	 & 	       1.0000	 & 	      -0.2866	 & 	       0.9624	 & 	      -0.0387	 & 	       0.9889	 & 	       0.9195	 & 	       0.9470	 & 	       0.9726	 & 	       0.0060	 & 	      -0.0159	 & 	       0.0148	 & 	      -0.0201	 & 	       0.0034	 & 	       0.0069	 & 	       0.0048	 & 	       0.0149	 & 	       0.0120 \\ 
$Y\_N\_obs  $	 & 	      -0.2866	 & 	       1.0000	 & 	      -0.2886	 & 	      -0.1185	 & 	      -0.2764	 & 	      -0.6253	 & 	      -0.4884	 & 	      -0.3858	 & 	      -0.0049	 & 	       0.0306	 & 	      -0.0051	 & 	      -0.0021	 & 	      -0.0048	 & 	      -0.0064	 & 	      -0.0060	 & 	      -0.0077	 & 	      -0.0051 \\ 
$I\_obs     $	 & 	       0.9624	 & 	      -0.2886	 & 	       1.0000	 & 	      -0.1506	 & 	       0.9113	 & 	       0.8620	 & 	       0.9727	 & 	       0.9499	 & 	       0.0026	 & 	      -0.0193	 & 	       0.0101	 & 	      -0.0105	 & 	       0.0004	 & 	       0.0036	 & 	       0.0017	 & 	       0.0110	 & 	       0.0080 \\ 
$p\_I\_obs  $	 & 	      -0.0387	 & 	      -0.1185	 & 	      -0.1506	 & 	       1.0000	 & 	       0.0237	 & 	       0.0267	 & 	      -0.0295	 & 	      -0.0188	 & 	       0.0173	 & 	       0.0031	 & 	       0.0115	 & 	       0.0074	 & 	       0.0189	 & 	       0.0175	 & 	       0.0183	 & 	       0.0143	 & 	       0.0133 \\ 
$C\_obs     $	 & 	       0.9889	 & 	      -0.2764	 & 	       0.9113	 & 	       0.0237	 & 	       1.0000	 & 	       0.9218	 & 	       0.9029	 & 	       0.9543	 & 	       0.0076	 & 	      -0.0135	 & 	       0.0169	 & 	      -0.0247	 & 	       0.0049	 & 	       0.0084	 & 	       0.0064	 & 	       0.0165	 & 	       0.0137 \\ 
$NC\_obs    $	 & 	       0.9195	 & 	      -0.6253	 & 	       0.8620	 & 	       0.0267	 & 	       0.9218	 & 	       1.0000	 & 	       0.9314	 & 	       0.9309	 & 	       0.0074	 & 	      -0.0235	 & 	       0.0153	 & 	      -0.0194	 & 	       0.0051	 & 	       0.0087	 & 	       0.0069	 & 	       0.0159	 & 	       0.0127 \\ 
$NI\_obs    $	 & 	       0.9470	 & 	      -0.4884	 & 	       0.9727	 & 	      -0.0295	 & 	       0.9029	 & 	       0.9314	 & 	       1.0000	 & 	       0.9581	 & 	       0.0049	 & 	      -0.0240	 & 	       0.0114	 & 	      -0.0086	 & 	       0.0030	 & 	       0.0061	 & 	       0.0044	 & 	       0.0130	 & 	       0.0096 \\ 
$util\_obs  $	 & 	       0.9726	 & 	      -0.3858	 & 	       0.9499	 & 	      -0.0188	 & 	       0.9543	 & 	       0.9309	 & 	       0.9581	 & 	       1.0000	 & 	       0.0049	 & 	      -0.0164	 & 	       0.0114	 & 	      -0.0102	 & 	       0.0030	 & 	       0.0058	 & 	       0.0041	 & 	       0.0124	 & 	       0.0100 \\ 
$log\_Y     $	 & 	       0.0060	 & 	      -0.0049	 & 	       0.0026	 & 	       0.0173	 & 	       0.0076	 & 	       0.0074	 & 	       0.0049	 & 	       0.0049	 & 	       1.0000	 & 	       0.5253	 & 	       0.9966	 & 	      -0.8871	 & 	       0.9997	 & 	       0.9992	 & 	       0.9992	 & 	       0.9983	 & 	       0.9990 \\ 
$log\_Y\_N  $	 & 	      -0.0159	 & 	       0.0306	 & 	      -0.0193	 & 	       0.0031	 & 	      -0.0135	 & 	      -0.0235	 & 	      -0.0240	 & 	      -0.0164	 & 	       0.5253	 & 	       1.0000	 & 	       0.5679	 & 	      -0.8095	 & 	       0.5120	 & 	       0.4916	 & 	       0.4914	 & 	       0.4918	 & 	       0.4973 \\ 
$log\_I     $	 & 	       0.0148	 & 	      -0.0051	 & 	       0.0101	 & 	       0.0115	 & 	       0.0169	 & 	       0.0153	 & 	       0.0114	 & 	       0.0114	 & 	       0.9966	 & 	       0.5679	 & 	       1.0000	 & 	      -0.9184	 & 	       0.9943	 & 	       0.9938	 & 	       0.9931	 & 	       0.9956	 & 	       0.9955 \\ 
$log\_p\_I  $	 & 	      -0.0201	 & 	      -0.0021	 & 	      -0.0105	 & 	       0.0074	 & 	      -0.0247	 & 	      -0.0194	 & 	      -0.0086	 & 	      -0.0102	 & 	      -0.8871	 & 	      -0.8095	 & 	      -0.9184	 & 	       1.0000	 & 	      -0.8767	 & 	      -0.8706	 & 	      -0.8685	 & 	      -0.8780	 & 	      -0.8777 \\ 
$log\_C     $	 & 	       0.0034	 & 	      -0.0048	 & 	       0.0004	 & 	       0.0189	 & 	       0.0049	 & 	       0.0051	 & 	       0.0030	 & 	       0.0030	 & 	       0.9997	 & 	       0.5120	 & 	       0.9943	 & 	      -0.8767	 & 	       1.0000	 & 	       0.9995	 & 	       0.9997	 & 	       0.9978	 & 	       0.9987 \\ 
$log\_N     $	 & 	       0.0069	 & 	      -0.0064	 & 	       0.0036	 & 	       0.0175	 & 	       0.0084	 & 	       0.0087	 & 	       0.0061	 & 	       0.0058	 & 	       0.9992	 & 	       0.4916	 & 	       0.9938	 & 	      -0.8706	 & 	       0.9995	 & 	       1.0000	 & 	       0.9999	 & 	       0.9990	 & 	       0.9995 \\ 
$log\_NC    $	 & 	       0.0048	 & 	      -0.0060	 & 	       0.0017	 & 	       0.0183	 & 	       0.0064	 & 	       0.0069	 & 	       0.0044	 & 	       0.0041	 & 	       0.9992	 & 	       0.4914	 & 	       0.9931	 & 	      -0.8685	 & 	       0.9997	 & 	       0.9999	 & 	       1.0000	 & 	       0.9985	 & 	       0.9991 \\ 
$log\_NI    $	 & 	       0.0149	 & 	      -0.0077	 & 	       0.0110	 & 	       0.0143	 & 	       0.0165	 & 	       0.0159	 & 	       0.0130	 & 	       0.0124	 & 	       0.9983	 & 	       0.4918	 & 	       0.9956	 & 	      -0.8780	 & 	       0.9978	 & 	       0.9990	 & 	       0.9985	 & 	       1.0000	 & 	       0.9997 \\ 
$log\_util  $	 & 	       0.0120	 & 	      -0.0051	 & 	       0.0080	 & 	       0.0133	 & 	       0.0137	 & 	       0.0127	 & 	       0.0096	 & 	       0.0100	 & 	       0.9990	 & 	       0.4973	 & 	       0.9955	 & 	      -0.8777	 & 	       0.9987	 & 	       0.9995	 & 	       0.9991	 & 	       0.9997	 & 	       1.0000 \\ 
\end{longtable}
 \end{center}
% End of TeX file.
