% 15-Feb-2024 12:50:58, created by disp_th_moments.m 
 
\begin{center}
\begin{longtable}{lccccc} 
\caption{VARIANCE DECOMPOSITION (in percent)}\\
 \label{Table:th_var_decomp_uncond}\\
\toprule 
$           $	 & 	 $       {e_g}$	 & 	 $       {e_Z}$	 & 	 $    {e_{ZI}}$	 & 	 $       {e_N}$	 & 	 $       {e_D}$\\
\midrule \endfirsthead 
\caption{(continued)}\\
 \toprule \\ 
$           $	 & 	 $       {e_g}$	 & 	 $       {e_Z}$	 & 	 $    {e_{ZI}}$	 & 	 $       {e_N}$	 & 	 $       {e_D}$\\
\midrule \endhead 
\midrule \multicolumn{6}{r}{(Continued on next page)} \\ \bottomrule \endfoot 
\bottomrule \endlastfoot 
$Y\_obs     $	 & 	        1.08	 & 	        2.48	 & 	        1.65	 & 	       30.13	 & 	       64.66 \\ 
$Y\_N\_obs  $	 & 	       39.93	 & 	        0.22	 & 	        0.63	 & 	       58.63	 & 	        0.59 \\ 
$I\_obs     $	 & 	        0.25	 & 	        3.32	 & 	        6.86	 & 	       30.05	 & 	       59.52 \\ 
$p\_I\_obs  $	 & 	        0.00	 & 	       13.09	 & 	       36.76	 & 	       15.27	 & 	       34.87 \\ 
$C\_obs     $	 & 	        1.88	 & 	        8.89	 & 	        0.35	 & 	       27.00	 & 	       61.88 \\ 
$NC\_obs    $	 & 	        6.93	 & 	        4.23	 & 	        0.17	 & 	       59.20	 & 	       29.47 \\ 
$NI\_obs    $	 & 	        1.40	 & 	        2.04	 & 	        1.63	 & 	       46.52	 & 	       48.40 \\ 
$util\_obs  $	 & 	        2.71	 & 	        1.00	 & 	        0.67	 & 	       15.29	 & 	       80.33 \\ 
$D\_obs     $	 & 	        3.70	 & 	        0.98	 & 	        0.32	 & 	       13.98	 & 	       81.01 \\ 
$log\_Y     $	 & 	        3.04	 & 	       93.68	 & 	        1.28	 & 	        0.18	 & 	        1.81 \\ 
$log\_Y\_N  $	 & 	        0.00	 & 	       81.14	 & 	        2.57	 & 	       16.14	 & 	        0.15 \\ 
$log\_I     $	 & 	        1.51	 & 	       93.34	 & 	        1.81	 & 	        0.42	 & 	        2.92 \\ 
$log\_p\_I  $	 & 	        0.00	 & 	       96.72	 & 	        3.06	 & 	        0.03	 & 	        0.18 \\ 
$log\_C     $	 & 	        3.57	 & 	       93.44	 & 	        1.25	 & 	        0.13	 & 	        1.60 \\ 
$log\_N     $	 & 	        3.31	 & 	       93.01	 & 	        1.27	 & 	        0.48	 & 	        1.93 \\ 
$log\_NC    $	 & 	        3.57	 & 	       93.23	 & 	        1.25	 & 	        0.36	 & 	        1.60 \\ 
$log\_NI    $	 & 	        2.36	 & 	       90.92	 & 	        1.53	 & 	        1.09	 & 	        4.09 \\ 
$log\_util  $	 & 	        2.92	 & 	       91.96	 & 	        1.25	 & 	        0.23	 & 	        3.65 \\ 
$log\_D     $	 & 	        3.28	 & 	       91.98	 & 	        1.25	 & 	        0.19	 & 	        3.30 \\ 
\end{longtable}
 \end{center}
% End of TeX file.
