% 15-Feb-2024 12:50:58, created by display_conditional_variance_decomposition.m 
 
\begin{center}
\begin{longtable}{lccccc} 
\caption{CONDITIONAL VARIANCE DECOMPOSITION (in percent); Period 1}\\
 \label{Table:th_var_decomp_cond_h1}\\
\toprule 
$          $	 & 	 $       {e_g}$	 & 	 $       {e_Z}$	 & 	 $    {e_{ZI}}$	 & 	 $       {e_N}$	 & 	 $       {e_D}$\\
\midrule \endfirsthead 
\caption{(continued)}\\
 \toprule \\ 
$          $	 & 	 $       {e_g}$	 & 	 $       {e_Z}$	 & 	 $    {e_{ZI}}$	 & 	 $       {e_N}$	 & 	 $       {e_D}$\\
\midrule \endhead 
\midrule \multicolumn{6}{r}{(Continued on next page)} \\ \bottomrule \endfoot 
\bottomrule \endlastfoot 
$Y_obs     $	 & 	        1.07	 & 	        1.20	 & 	        1.74	 & 	       28.53	 & 	       67.46 \\ 
$Y_N_obs   $	 & 	       42.58	 & 	        0.02	 & 	        0.66	 & 	       56.64	 & 	        0.10 \\ 
$I_obs     $	 & 	        0.18	 & 	        1.66	 & 	        7.32	 & 	       29.03	 & 	       61.82 \\ 
$p_I_obs   $	 & 	        0.00	 & 	        2.41	 & 	       78.87	 & 	        6.36	 & 	       12.35 \\ 
$C_obs     $	 & 	        2.03	 & 	        7.64	 & 	        0.06	 & 	       25.39	 & 	       64.87 \\ 
$NC_obs    $	 & 	        7.33	 & 	        3.65	 & 	        0.03	 & 	       57.98	 & 	       31.01 \\ 
$NI_obs    $	 & 	        1.51	 & 	        1.62	 & 	        1.78	 & 	       44.38	 & 	       50.71 \\ 
$util_obs  $	 & 	        2.72	 & 	        0.56	 & 	        0.69	 & 	       14.09	 & 	       81.93 \\ 
$D_obs     $	 & 	        3.73	 & 	        0.43	 & 	        0.29	 & 	       12.81	 & 	       82.74 \\ 
$log_Y     $	 & 	        8.12	 & 	        1.12	 & 	        1.61	 & 	       26.49	 & 	       62.65 \\ 
$log_Y_N   $	 & 	        0.00	 & 	        0.04	 & 	        1.15	 & 	       98.64	 & 	        0.18 \\ 
$log_I     $	 & 	        2.00	 & 	        1.63	 & 	        7.19	 & 	       28.50	 & 	       60.69 \\ 
$log_p_I   $	 & 	        0.00	 & 	        2.41	 & 	       78.87	 & 	        6.36	 & 	       12.35 \\ 
$log_C     $	 & 	       13.53	 & 	        6.74	 & 	        0.05	 & 	       22.41	 & 	       57.26 \\ 
$log_N     $	 & 	        4.86	 & 	        0.57	 & 	        0.37	 & 	       54.93	 & 	       39.26 \\ 
$log_NC    $	 & 	        7.33	 & 	        3.65	 & 	        0.03	 & 	       57.98	 & 	       31.01 \\ 
$log_NI    $	 & 	        1.51	 & 	        1.62	 & 	        1.78	 & 	       44.38	 & 	       50.71 \\ 
$log_util  $	 & 	        2.72	 & 	        0.56	 & 	        0.69	 & 	       14.09	 & 	       81.93 \\ 
$log_D     $	 & 	        3.73	 & 	        0.43	 & 	        0.29	 & 	       12.81	 & 	       82.74 \\ 
\end{longtable}
 \end{center}
% End of TeX file.
