% 19-Feb-2024 18:06:37, created by disp_th_moments.m 
 
\begin{center}
\begin{longtable}{lccccccccccccccccccc} 
\caption{MATRIX OF CORRELATIONS}\\
 \label{Table:th_corr_matrix}\\
\toprule 
$Variables  $	 & 	 $      Y\_obs$	 & 	 $  Y\_N\_obs$	 & 	 $      I\_obs$	 & 	 $  p\_I\_obs$	 & 	 $      C\_obs$	 & 	 $     NC\_obs$	 & 	 $     NI\_obs$	 & 	 $   util\_obs$	 & 	 $      D\_obs$	 & 	 $      log\_Y$	 & 	 $  log\_Y\_N$	 & 	 $      log\_I$	 & 	 $  log\_p\_I$	 & 	 $      log\_C$	 & 	 $      log\_N$	 & 	 $     log\_NC$	 & 	 $     log\_NI$	 & 	 $   log\_util$	 & 	 $      log\_D$\\
\midrule \endfirsthead 
\caption{(continued)}\\
 \toprule \\ 
$Variables  $	 & 	 $      Y\_obs$	 & 	 $  Y\_N\_obs$	 & 	 $      I\_obs$	 & 	 $  p\_I\_obs$	 & 	 $      C\_obs$	 & 	 $     NC\_obs$	 & 	 $     NI\_obs$	 & 	 $   util\_obs$	 & 	 $      D\_obs$	 & 	 $      log\_Y$	 & 	 $  log\_Y\_N$	 & 	 $      log\_I$	 & 	 $  log\_p\_I$	 & 	 $      log\_C$	 & 	 $      log\_N$	 & 	 $     log\_NC$	 & 	 $     log\_NI$	 & 	 $   log\_util$	 & 	 $      log\_D$\\
\midrule \endhead 
\midrule \multicolumn{20}{r}{(Continued on next page)} \\ \bottomrule \endfoot 
\bottomrule \endlastfoot 
$Y\_obs     $	 & 	       1.0000	 & 	       0.3775	 & 	       0.8765	 & 	      -0.0033	 & 	       0.6866	 & 	       0.6322	 & 	       0.9766	 & 	       0.8065	 & 	       0.7315	 & 	       0.0645	 & 	       0.0018	 & 	       0.1665	 & 	       0.1872	 & 	       0.0276	 & 	       0.0428	 & 	       0.0172	 & 	       0.1344	 & 	       0.1470	 & 	       0.1260 \\ 
$Y\_N\_obs  $	 & 	       0.3775	 & 	       1.0000	 & 	       0.6768	 & 	      -0.7021	 & 	      -0.2634	 & 	      -0.4452	 & 	       0.4679	 & 	       0.1542	 & 	       0.0170	 & 	       0.0374	 & 	       0.0301	 & 	       0.1677	 & 	      -0.3047	 & 	      -0.0072	 & 	       0.0142	 & 	      -0.0071	 & 	       0.0922	 & 	       0.0627	 & 	       0.0364 \\ 
$I\_obs     $	 & 	       0.8765	 & 	       0.6768	 & 	       1.0000	 & 	      -0.4668	 & 	       0.2517	 & 	       0.2132	 & 	       0.9478	 & 	       0.6103	 & 	       0.4734	 & 	       0.0581	 & 	       0.0170	 & 	       0.1930	 & 	      -0.0826	 & 	       0.0108	 & 	       0.0330	 & 	       0.0060	 & 	       0.1304	 & 	       0.1056	 & 	       0.0787 \\ 
$p\_I\_obs  $	 & 	      -0.0033	 & 	      -0.7021	 & 	      -0.4668	 & 	       1.0000	 & 	       0.6983	 & 	       0.6593	 & 	      -0.1660	 & 	       0.1332	 & 	       0.2807	 & 	      -0.0233	 & 	      -0.0319	 & 	      -0.1511	 & 	       0.5413	 & 	       0.0196	 & 	      -0.0041	 & 	       0.0120	 & 	      -0.0635	 & 	      -0.0203	 & 	       0.0059 \\ 
$C\_obs     $	 & 	       0.6866	 & 	      -0.2634	 & 	       0.2517	 & 	       0.6983	 & 	       1.0000	 & 	       0.9490	 & 	       0.5318	 & 	       0.6996	 & 	       0.7557	 & 	       0.0420	 & 	      -0.0219	 & 	       0.0433	 & 	       0.5010	 & 	       0.0391	 & 	       0.0363	 & 	       0.0255	 & 	       0.0734	 & 	       0.1360	 & 	       0.1344 \\ 
$NC\_obs    $	 & 	       0.6322	 & 	      -0.4452	 & 	       0.2132	 & 	       0.6593	 & 	       0.9490	 & 	       1.0000	 & 	       0.4946	 & 	       0.6755	 & 	       0.7326	 & 	       0.0400	 & 	      -0.0244	 & 	       0.0380	 & 	       0.4678	 & 	       0.0384	 & 	       0.0359	 & 	       0.0264	 & 	       0.0682	 & 	       0.1287	 & 	       0.1278 \\ 
$NI\_obs    $	 & 	       0.9766	 & 	       0.4679	 & 	       0.9478	 & 	      -0.1660	 & 	       0.5318	 & 	       0.4946	 & 	       1.0000	 & 	       0.7338	 & 	       0.6339	 & 	       0.0568	 & 	       0.0069	 & 	       0.1618	 & 	       0.0994	 & 	       0.0194	 & 	       0.0358	 & 	       0.0115	 & 	       0.1232	 & 	       0.1113	 & 	       0.0905 \\ 
$util\_obs  $	 & 	       0.8065	 & 	       0.1542	 & 	       0.6103	 & 	       0.1332	 & 	       0.6996	 & 	       0.6755	 & 	       0.7338	 & 	       1.0000	 & 	       0.9852	 & 	       0.0414	 & 	      -0.0042	 & 	       0.0989	 & 	       0.2179	 & 	       0.0203	 & 	       0.0294	 & 	       0.0128	 & 	       0.0887	 & 	       0.1488	 & 	       0.1352 \\ 
$D\_obs     $	 & 	       0.7315	 & 	       0.0170	 & 	       0.4734	 & 	       0.2807	 & 	       0.7557	 & 	       0.7326	 & 	       0.6339	 & 	       0.9852	 & 	       1.0000	 & 	       0.0376	 & 	      -0.0086	 & 	       0.0751	 & 	       0.2814	 & 	       0.0232	 & 	       0.0285	 & 	       0.0147	 & 	       0.0771	 & 	       0.1506	 & 	       0.1410 \\ 
$log\_Y     $	 & 	       0.0645	 & 	       0.0374	 & 	       0.0581	 & 	      -0.0233	 & 	       0.0420	 & 	       0.0400	 & 	       0.0568	 & 	       0.0414	 & 	       0.0376	 & 	       1.0000	 & 	      -0.8426	 & 	       0.8647	 & 	      -0.0041	 & 	       0.9865	 & 	       0.9806	 & 	       0.9620	 & 	       0.9698	 & 	       0.5964	 & 	       0.6271 \\ 
$log\_Y\_N  $	 & 	       0.0018	 & 	       0.0301	 & 	       0.0170	 & 	      -0.0319	 & 	      -0.0219	 & 	      -0.0244	 & 	       0.0069	 & 	      -0.0042	 & 	      -0.0086	 & 	      -0.8426	 & 	       1.0000	 & 	      -0.5307	 & 	       0.0030	 & 	      -0.8956	 & 	      -0.9318	 & 	      -0.9538	 & 	      -0.7744	 & 	      -0.2170	 & 	      -0.2256 \\ 
$log\_I     $	 & 	       0.1665	 & 	       0.1677	 & 	       0.1930	 & 	      -0.1511	 & 	       0.0433	 & 	       0.0380	 & 	       0.1618	 & 	       0.0989	 & 	       0.0751	 & 	       0.8647	 & 	      -0.5307	 & 	       1.0000	 & 	      -0.1174	 & 	       0.7709	 & 	       0.7759	 & 	       0.7137	 & 	       0.9440	 & 	       0.8062	 & 	       0.8000 \\ 
$log\_p\_I  $	 & 	       0.1872	 & 	      -0.3047	 & 	      -0.0826	 & 	       0.5413	 & 	       0.5010	 & 	       0.4678	 & 	       0.0994	 & 	       0.2179	 & 	       0.2814	 & 	      -0.0041	 & 	       0.0030	 & 	      -0.1174	 & 	       1.0000	 & 	       0.0330	 & 	      -0.0038	 & 	       0.0007	 & 	      -0.0205	 & 	       0.1969	 & 	       0.2263 \\ 
$log\_C     $	 & 	       0.0276	 & 	      -0.0072	 & 	       0.0108	 & 	       0.0196	 & 	       0.0391	 & 	       0.0384	 & 	       0.0194	 & 	       0.0203	 & 	       0.0232	 & 	       0.9865	 & 	      -0.8956	 & 	       0.7709	 & 	       0.0330	 & 	       1.0000	 & 	       0.9908	 & 	       0.9875	 & 	       0.9225	 & 	       0.4938	 & 	       0.5347 \\ 
$log\_N     $	 & 	       0.0428	 & 	       0.0142	 & 	       0.0330	 & 	      -0.0041	 & 	       0.0363	 & 	       0.0359	 & 	       0.0358	 & 	       0.0294	 & 	       0.0285	 & 	       0.9806	 & 	      -0.9318	 & 	       0.7759	 & 	      -0.0038	 & 	       0.9908	 & 	       1.0000	 & 	       0.9955	 & 	       0.9354	 & 	       0.4809	 & 	       0.5047 \\ 
$log\_NC    $	 & 	       0.0172	 & 	      -0.0071	 & 	       0.0060	 & 	       0.0120	 & 	       0.0255	 & 	       0.0264	 & 	       0.0115	 & 	       0.0128	 & 	       0.0147	 & 	       0.9620	 & 	      -0.9538	 & 	       0.7137	 & 	       0.0007	 & 	       0.9875	 & 	       0.9955	 & 	       1.0000	 & 	       0.8975	 & 	       0.4110	 & 	       0.4400 \\ 
$log\_NI    $	 & 	       0.1344	 & 	       0.0922	 & 	       0.1304	 & 	      -0.0635	 & 	       0.0734	 & 	       0.0682	 & 	       0.1232	 & 	       0.0887	 & 	       0.0771	 & 	       0.9698	 & 	      -0.7744	 & 	       0.9440	 & 	      -0.0205	 & 	       0.9225	 & 	       0.9354	 & 	       0.8975	 & 	       1.0000	 & 	       0.7015	 & 	       0.7041 \\ 
$log\_util  $	 & 	       0.1470	 & 	       0.0627	 & 	       0.1056	 & 	      -0.0203	 & 	       0.1360	 & 	       0.1287	 & 	       0.1113	 & 	       0.1488	 & 	       0.1506	 & 	       0.5964	 & 	      -0.2170	 & 	       0.8062	 & 	       0.1969	 & 	       0.4938	 & 	       0.4809	 & 	       0.4110	 & 	       0.7015	 & 	       1.0000	 & 	       0.9904 \\ 
$log\_D     $	 & 	       0.1260	 & 	       0.0364	 & 	       0.0787	 & 	       0.0059	 & 	       0.1344	 & 	       0.1278	 & 	       0.0905	 & 	       0.1352	 & 	       0.1410	 & 	       0.6271	 & 	      -0.2256	 & 	       0.8000	 & 	       0.2263	 & 	       0.5347	 & 	       0.5047	 & 	       0.4400	 & 	       0.7041	 & 	       0.9904	 & 	       1.0000 \\ 
\end{longtable}
 \end{center}
% End of TeX file.
