% 20-Feb-2024 11:24:06, created by display_conditional_variance_decomposition.m 
 
\begin{center}
\begin{longtable}{lccccc} 
\caption{CONDITIONAL VARIANCE DECOMPOSITION (in percent); Period 40}\\
 \label{Table:th_var_decomp_cond_h40}\\
\toprule 
$          $	 & 	 $       {e_g}$	 & 	 $       {e_Z}$	 & 	 $    {e_{ZI}}$	 & 	 $       {e_N}$	 & 	 $       {e_D}$\\
\midrule \endfirsthead 
\caption{(continued)}\\
 \toprule \\ 
$          $	 & 	 $       {e_g}$	 & 	 $       {e_Z}$	 & 	 $    {e_{ZI}}$	 & 	 $       {e_N}$	 & 	 $       {e_D}$\\
\midrule \endhead 
\midrule \multicolumn{6}{r}{(Continued on next page)} \\ \bottomrule \endfoot 
\bottomrule \endlastfoot 
$Y_obs     $	 & 	       10.15	 & 	        1.51	 & 	        0.93	 & 	       11.03	 & 	       76.38 \\ 
$Y_N_obs   $	 & 	       59.93	 & 	        0.47	 & 	        0.86	 & 	       37.25	 & 	        1.49 \\ 
$SR_obs    $	 & 	       12.82	 & 	        2.91	 & 	        2.80	 & 	        6.00	 & 	       75.47 \\ 
$I_obs     $	 & 	        4.00	 & 	        3.86	 & 	        5.00	 & 	       17.60	 & 	       69.54 \\ 
$p_I_obs   $	 & 	        0.25	 & 	       16.44	 & 	       54.64	 & 	        8.08	 & 	       20.60 \\ 
$C_obs     $	 & 	       14.13	 & 	        8.82	 & 	        0.01	 & 	        6.32	 & 	       70.73 \\ 
$NC_obs    $	 & 	        1.31	 & 	        6.08	 & 	        0.00	 & 	       38.24	 & 	       54.36 \\ 
$NI_obs    $	 & 	        0.02	 & 	        3.37	 & 	        1.41	 & 	       31.58	 & 	       63.61 \\ 
$util_obs  $	 & 	        1.00	 & 	        1.00	 & 	        0.45	 & 	        0.86	 & 	       96.69 \\ 
$D_obs     $	 & 	        0.02	 & 	        0.03	 & 	        0.01	 & 	        0.33	 & 	       99.60 \\ 
$log_Y     $	 & 	        0.94	 & 	       11.47	 & 	        0.52	 & 	        3.06	 & 	       84.01 \\ 
$log_Y_N   $	 & 	        0.59	 & 	       38.95	 & 	        2.26	 & 	       44.01	 & 	       14.19 \\ 
$log_SR    $	 & 	        9.22	 & 	       39.46	 & 	        0.84	 & 	        3.42	 & 	       47.07 \\ 
$log_I     $	 & 	        0.04	 & 	       12.85	 & 	        2.42	 & 	        5.17	 & 	       79.52 \\ 
$log_p_I   $	 & 	        0.02	 & 	       92.74	 & 	        6.27	 & 	        0.13	 & 	        0.84 \\ 
$log_C     $	 & 	        2.70	 & 	       12.30	 & 	        0.09	 & 	        2.04	 & 	       82.87 \\ 
$log_N     $	 & 	        0.77	 & 	        5.02	 & 	        0.19	 & 	       11.67	 & 	       82.36 \\ 
$log_NC    $	 & 	        2.21	 & 	        9.90	 & 	        0.06	 & 	       11.49	 & 	       76.34 \\ 
$log_NI    $	 & 	        0.07	 & 	        1.99	 & 	        0.81	 & 	       10.98	 & 	       86.15 \\ 
$log_util  $	 & 	        1.56	 & 	        8.92	 & 	        0.15	 & 	        0.23	 & 	       89.14 \\ 
$log_D     $	 & 	        0.03	 & 	        0.21	 & 	        0.01	 & 	        0.10	 & 	       99.66 \\ 
\end{longtable}
 \end{center}
% End of TeX file.
