% 19-Feb-2024 18:06:37, created by disp_th_moments.m 
 
\begin{center}
\begin{longtable}{lccccc} 
\caption{VARIANCE DECOMPOSITION (in percent)}\\
 \label{Table:th_var_decomp_uncond}\\
\toprule 
$           $	 & 	 $       {e_g}$	 & 	 $       {e_Z}$	 & 	 $    {e_{ZI}}$	 & 	 $       {e_N}$	 & 	 $       {e_D}$\\
\midrule \endfirsthead 
\caption{(continued)}\\
 \toprule \\ 
$           $	 & 	 $       {e_g}$	 & 	 $       {e_Z}$	 & 	 $    {e_{ZI}}$	 & 	 $       {e_N}$	 & 	 $       {e_D}$\\
\midrule \endhead 
\midrule \multicolumn{6}{r}{(Continued on next page)} \\ \bottomrule \endfoot 
\bottomrule \endlastfoot 
$Y\_obs     $	 & 	        0.70	 & 	       32.29	 & 	       22.03	 & 	        1.63	 & 	       43.35 \\ 
$Y\_N\_obs  $	 & 	       17.68	 & 	        4.24	 & 	       59.92	 & 	       16.49	 & 	        1.67 \\ 
$I\_obs     $	 & 	        0.06	 & 	       17.24	 & 	       66.09	 & 	        0.13	 & 	       16.49 \\ 
$p\_I\_obs  $	 & 	        0.01	 & 	       19.73	 & 	       67.85	 & 	        0.00	 & 	       12.41 \\ 
$C\_obs     $	 & 	        1.97	 & 	       32.26	 & 	        8.53	 & 	        4.08	 & 	       53.17 \\ 
$NC\_obs    $	 & 	        0.56	 & 	       23.08	 & 	        8.61	 & 	       17.88	 & 	       49.88 \\ 
$NI\_obs    $	 & 	        0.07	 & 	       30.67	 & 	       37.76	 & 	        0.77	 & 	       30.73 \\ 
$util\_obs  $	 & 	        0.01	 & 	        1.53	 & 	        4.24	 & 	        0.12	 & 	       94.11 \\ 
$D\_obs     $	 & 	        0.01	 & 	        0.92	 & 	        0.21	 & 	        0.04	 & 	       98.82 \\ 
$log\_Y     $	 & 	        0.37	 & 	        3.05	 & 	        0.36	 & 	       79.78	 & 	       16.45 \\ 
$log\_Y\_N  $	 & 	        0.03	 & 	        0.27	 & 	        0.32	 & 	       98.78	 & 	        0.60 \\ 
$log\_I     $	 & 	        0.06	 & 	       15.04	 & 	        8.19	 & 	       36.94	 & 	       39.78 \\ 
$log\_p\_I  $	 & 	        0.02	 & 	       12.40	 & 	       74.94	 & 	        0.25	 & 	       12.39 \\ 
$log\_C     $	 & 	        0.48	 & 	        1.26	 & 	        0.12	 & 	       87.39	 & 	       10.75 \\ 
$log\_N     $	 & 	        0.12	 & 	        0.99	 & 	        0.05	 & 	       92.73	 & 	        6.11 \\ 
$log\_NC    $	 & 	        0.15	 & 	        0.37	 & 	        0.04	 & 	       95.73	 & 	        3.71 \\ 
$log\_NI    $	 & 	        0.02	 & 	        7.49	 & 	        1.78	 & 	       68.46	 & 	       22.25 \\ 
$log\_util  $	 & 	        0.03	 & 	        0.68	 & 	        0.31	 & 	        7.49	 & 	       91.49 \\ 
$log\_D     $	 & 	        0.04	 & 	        0.32	 & 	        0.02	 & 	        8.22	 & 	       91.41 \\ 
\end{longtable}
 \end{center}
% End of TeX file.
