% 19-Feb-2024 18:06:37, created by display_conditional_variance_decomposition.m 
 
\begin{center}
\begin{longtable}{lccccc} 
\caption{CONDITIONAL VARIANCE DECOMPOSITION (in percent); Period 8}\\
 \label{Table:th_var_decomp_cond_h8}\\
\toprule 
$          $	 & 	 $       {e_g}$	 & 	 $       {e_Z}$	 & 	 $    {e_{ZI}}$	 & 	 $       {e_N}$	 & 	 $       {e_D}$\\
\midrule \endfirsthead 
\caption{(continued)}\\
 \toprule \\ 
$          $	 & 	 $       {e_g}$	 & 	 $       {e_Z}$	 & 	 $    {e_{ZI}}$	 & 	 $       {e_N}$	 & 	 $       {e_D}$\\
\midrule \endhead 
\midrule \multicolumn{6}{r}{(Continued on next page)} \\ \bottomrule \endfoot 
\bottomrule \endlastfoot 
$Y_obs     $	 & 	        0.70	 & 	       32.23	 & 	       22.14	 & 	        1.63	 & 	       43.29 \\ 
$Y_N_obs   $	 & 	       17.70	 & 	        4.16	 & 	       59.98	 & 	       16.50	 & 	        1.67 \\ 
$I_obs     $	 & 	        0.06	 & 	       17.05	 & 	       66.42	 & 	        0.13	 & 	       16.34 \\ 
$p_I_obs   $	 & 	        0.01	 & 	       19.73	 & 	       67.86	 & 	        0.00	 & 	       12.40 \\ 
$C_obs     $	 & 	        1.96	 & 	       32.29	 & 	        8.54	 & 	        4.09	 & 	       53.12 \\ 
$NC_obs    $	 & 	        0.56	 & 	       23.10	 & 	        8.63	 & 	       17.90	 & 	       49.81 \\ 
$NI_obs    $	 & 	        0.07	 & 	       30.56	 & 	       38.00	 & 	        0.78	 & 	       30.59 \\ 
$util_obs  $	 & 	        0.01	 & 	        1.52	 & 	        4.29	 & 	        0.12	 & 	       94.06 \\ 
$D_obs     $	 & 	        0.01	 & 	        0.93	 & 	        0.22	 & 	        0.04	 & 	       98.81 \\ 
$log_Y     $	 & 	        0.78	 & 	       28.64	 & 	        4.30	 & 	        3.18	 & 	       63.10 \\ 
$log_Y_N   $	 & 	        0.39	 & 	       13.87	 & 	       23.88	 & 	       57.18	 & 	        4.69 \\ 
$log_I     $	 & 	        0.04	 & 	       33.33	 & 	       20.32	 & 	        0.40	 & 	       45.91 \\ 
$log_p_I   $	 & 	        0.01	 & 	       12.31	 & 	       76.68	 & 	        0.00	 & 	       11.00 \\ 
$log_C     $	 & 	        2.77	 & 	       17.23	 & 	        2.16	 & 	        8.94	 & 	       68.90 \\ 
$log_N     $	 & 	        0.60	 & 	       23.02	 & 	        1.06	 & 	       13.46	 & 	       61.86 \\ 
$log_NC    $	 & 	        1.81	 & 	        9.76	 & 	        1.76	 & 	       32.00	 & 	       54.66 \\ 
$log_NI    $	 & 	        0.03	 & 	       34.34	 & 	        8.99	 & 	        1.90	 & 	       54.74 \\ 
$log_util  $	 & 	        0.01	 & 	        1.22	 & 	        0.60	 & 	        0.16	 & 	       98.01 \\ 
$log_D     $	 & 	        0.01	 & 	        0.49	 & 	        0.03	 & 	        0.05	 & 	       99.41 \\ 
\end{longtable}
 \end{center}
% End of TeX file.
