% 01-Mar-2024 11:50:45, created by disp_th_moments.m 
 
\begin{center}
\begin{longtable}{lccccccccccccccccccccc} 
\caption{MATRIX OF CORRELATIONS}\\
 \label{Table:th_corr_matrix}\\
\toprule 
$Variables  $	 & 	 $      Y\_obs$	 & 	 $  Y\_N\_obs$	 & 	 $     SR\_obs$	 & 	 $      I\_obs$	 & 	 $  p\_I\_obs$	 & 	 $      C\_obs$	 & 	 $     NC\_obs$	 & 	 $     NI\_obs$	 & 	 $   util\_obs$	 & 	 $      D\_obs$	 & 	 $      log\_Y$	 & 	 $  log\_Y\_N$	 & 	 $     log\_SR$	 & 	 $      log\_I$	 & 	 $  log\_p\_I$	 & 	 $      log\_C$	 & 	 $      log\_N$	 & 	 $     log\_NC$	 & 	 $     log\_NI$	 & 	 $   log\_util$	 & 	 $      log\_D$\\
\midrule \endfirsthead 
\caption{(continued)}\\
 \toprule \\ 
$Variables  $	 & 	 $      Y\_obs$	 & 	 $  Y\_N\_obs$	 & 	 $     SR\_obs$	 & 	 $      I\_obs$	 & 	 $  p\_I\_obs$	 & 	 $      C\_obs$	 & 	 $     NC\_obs$	 & 	 $     NI\_obs$	 & 	 $   util\_obs$	 & 	 $      D\_obs$	 & 	 $      log\_Y$	 & 	 $  log\_Y\_N$	 & 	 $     log\_SR$	 & 	 $      log\_I$	 & 	 $  log\_p\_I$	 & 	 $      log\_C$	 & 	 $      log\_N$	 & 	 $     log\_NC$	 & 	 $     log\_NI$	 & 	 $   log\_util$	 & 	 $      log\_D$\\
\midrule \endhead 
\midrule \multicolumn{22}{r}{(Continued on next page)} \\ \bottomrule \endfoot 
\bottomrule \endlastfoot 
$Y\_obs     $	 & 	       1.0000	 & 	       0.1682	 & 	       0.6324	 & 	       0.9312	 & 	      -0.2366	 & 	       0.9332	 & 	       0.6837	 & 	       0.8171	 & 	       0.8494	 & 	       0.7480	 & 	       0.0169	 & 	      -0.0076	 & 	       0.0318	 & 	       0.0542	 & 	       0.0044	 & 	       0.0003	 & 	       0.0142	 & 	       0.0067	 & 	       0.0450	 & 	       0.0819	 & 	       0.0757 \\ 
$Y\_N\_obs  $	 & 	       0.1682	 & 	       1.0000	 & 	       0.8648	 & 	      -0.0008	 & 	      -0.2189	 & 	       0.3122	 & 	      -0.5854	 & 	      -0.3613	 & 	       0.1117	 & 	      -0.0726	 & 	       0.0025	 & 	       0.0118	 & 	       0.0227	 & 	       0.0032	 & 	      -0.0028	 & 	       0.0020	 & 	      -0.0048	 & 	      -0.0048	 & 	      -0.0047	 & 	       0.0352	 & 	       0.0051 \\ 
$SR\_obs    $	 & 	       0.6324	 & 	       0.8648	 & 	       1.0000	 & 	       0.4702	 & 	      -0.2783	 & 	       0.7072	 & 	      -0.1177	 & 	       0.1331	 & 	       0.5149	 & 	       0.3280	 & 	      -0.0151	 & 	      -0.0010	 & 	       0.0116	 & 	      -0.0229	 & 	       0.0345	 & 	      -0.0109	 & 	      -0.0086	 & 	      -0.0090	 & 	      -0.0064	 & 	       0.0061	 & 	       0.0126 \\ 
$I\_obs     $	 & 	       0.9312	 & 	      -0.0008	 & 	       0.4702	 & 	       1.0000	 & 	      -0.2948	 & 	       0.7381	 & 	       0.7067	 & 	       0.9137	 & 	       0.9113	 & 	       0.8626	 & 	       0.0060	 & 	      -0.0064	 & 	       0.0316	 & 	       0.0372	 & 	       0.0106	 & 	      -0.0074	 & 	       0.0070	 & 	       0.0006	 & 	       0.0330	 & 	       0.0570	 & 	       0.0616 \\ 
$p\_I\_obs  $	 & 	      -0.2366	 & 	      -0.2189	 & 	      -0.2783	 & 	      -0.2948	 & 	       1.0000	 & 	      -0.1473	 & 	      -0.0816	 & 	      -0.0201	 & 	      -0.2870	 & 	      -0.0091	 & 	      -0.0159	 & 	      -0.0055	 & 	      -0.0595	 & 	      -0.0454	 & 	       0.0181	 & 	      -0.0027	 & 	      -0.0067	 & 	      -0.0023	 & 	      -0.0247	 & 	      -0.0850	 & 	      -0.0141 \\ 
$C\_obs     $	 & 	       0.9332	 & 	       0.3122	 & 	       0.7072	 & 	       0.7381	 & 	      -0.1473	 & 	       1.0000	 & 	       0.5689	 & 	       0.6120	 & 	       0.6741	 & 	       0.5343	 & 	       0.0255	 & 	      -0.0077	 & 	       0.0276	 & 	       0.0637	 & 	      -0.0024	 & 	       0.0079	 & 	       0.0194	 & 	       0.0117	 & 	       0.0508	 & 	       0.0954	 & 	       0.0795 \\ 
$NC\_obs    $	 & 	       0.6837	 & 	      -0.5854	 & 	      -0.1177	 & 	       0.7067	 & 	      -0.0816	 & 	       0.5689	 & 	       1.0000	 & 	       0.8722	 & 	       0.5545	 & 	       0.5708	 & 	       0.0183	 & 	      -0.0155	 & 	       0.0123	 & 	       0.0525	 & 	       0.0004	 & 	       0.0028	 & 	       0.0192	 & 	       0.0123	 & 	       0.0470	 & 	       0.0557	 & 	       0.0622 \\ 
$NI\_obs    $	 & 	       0.8171	 & 	      -0.3613	 & 	       0.1331	 & 	       0.9137	 & 	      -0.0201	 & 	       0.6120	 & 	       0.8722	 & 	       1.0000	 & 	       0.7909	 & 	       0.8517	 & 	       0.0034	 & 	      -0.0115	 & 	       0.0119	 & 	       0.0289	 & 	       0.0139	 & 	      -0.0074	 & 	       0.0081	 & 	       0.0026	 & 	       0.0307	 & 	       0.0309	 & 	       0.0576 \\ 
$util\_obs  $	 & 	       0.8494	 & 	       0.1117	 & 	       0.5149	 & 	       0.9113	 & 	      -0.2870	 & 	       0.6741	 & 	       0.5545	 & 	       0.7909	 & 	       1.0000	 & 	       0.8787	 & 	       0.0046	 & 	      -0.0077	 & 	       0.0215	 & 	       0.0299	 & 	       0.0182	 & 	      -0.0062	 & 	       0.0068	 & 	       0.0009	 & 	       0.0310	 & 	       0.0539	 & 	       0.0714 \\ 
$D\_obs     $	 & 	       0.7480	 & 	      -0.0726	 & 	       0.3280	 & 	       0.8626	 & 	      -0.0091	 & 	       0.5343	 & 	       0.5708	 & 	       0.8517	 & 	       0.8787	 & 	       1.0000	 & 	       0.0062	 & 	      -0.0045	 & 	       0.0110	 & 	       0.0285	 & 	       0.0038	 & 	      -0.0034	 & 	       0.0061	 & 	       0.0018	 & 	       0.0239	 & 	       0.0330	 & 	       0.0624 \\ 
$log\_Y     $	 & 	       0.0169	 & 	       0.0025	 & 	      -0.0151	 & 	       0.0060	 & 	      -0.0159	 & 	       0.0255	 & 	       0.0183	 & 	       0.0034	 & 	       0.0046	 & 	       0.0062	 & 	       1.0000	 & 	      -0.5666	 & 	      -0.7600	 & 	       0.8849	 & 	      -0.5980	 & 	       0.9812	 & 	       0.9007	 & 	       0.9005	 & 	       0.8852	 & 	       0.6931	 & 	       0.8884 \\ 
$log\_Y\_N  $	 & 	      -0.0076	 & 	       0.0118	 & 	      -0.0010	 & 	      -0.0064	 & 	      -0.0055	 & 	      -0.0077	 & 	      -0.0155	 & 	      -0.0115	 & 	      -0.0077	 & 	      -0.0045	 & 	      -0.5666	 & 	       1.0000	 & 	       0.8756	 & 	      -0.1893	 & 	      -0.2882	 & 	      -0.6852	 & 	      -0.8683	 & 	      -0.8669	 & 	      -0.8581	 & 	      -0.6357	 & 	      -0.7571 \\ 
$log\_SR    $	 & 	       0.0318	 & 	       0.0227	 & 	       0.0116	 & 	       0.0316	 & 	      -0.0595	 & 	       0.0276	 & 	       0.0123	 & 	       0.0119	 & 	       0.0215	 & 	       0.0110	 & 	      -0.7600	 & 	       0.8756	 & 	       1.0000	 & 	      -0.3733	 & 	       0.0239	 & 	      -0.8696	 & 	      -0.9191	 & 	      -0.9321	 & 	      -0.8490	 & 	      -0.4571	 & 	      -0.8008 \\ 
$log\_I     $	 & 	       0.0542	 & 	       0.0032	 & 	      -0.0229	 & 	       0.0372	 & 	      -0.0454	 & 	       0.0637	 & 	       0.0525	 & 	       0.0289	 & 	       0.0299	 & 	       0.0285	 & 	       0.8849	 & 	      -0.1893	 & 	      -0.3733	 & 	       1.0000	 & 	      -0.8420	 & 	       0.7783	 & 	       0.6325	 & 	       0.6227	 & 	       0.6610	 & 	       0.6625	 & 	       0.6888 \\ 
$log\_p\_I  $	 & 	       0.0044	 & 	      -0.0028	 & 	       0.0345	 & 	       0.0106	 & 	       0.0181	 & 	      -0.0024	 & 	       0.0004	 & 	       0.0139	 & 	       0.0182	 & 	       0.0038	 & 	      -0.5980	 & 	      -0.2882	 & 	       0.0239	 & 	      -0.8420	 & 	       1.0000	 & 	      -0.4571	 & 	      -0.2080	 & 	      -0.2099	 & 	      -0.1963	 & 	      -0.1856	 & 	      -0.2273 \\ 
$log\_C     $	 & 	       0.0003	 & 	       0.0020	 & 	      -0.0109	 & 	      -0.0074	 & 	      -0.0027	 & 	       0.0079	 & 	       0.0028	 & 	      -0.0074	 & 	      -0.0062	 & 	      -0.0034	 & 	       0.9812	 & 	      -0.6852	 & 	      -0.8696	 & 	       0.7783	 & 	      -0.4571	 & 	       1.0000	 & 	       0.9519	 & 	       0.9556	 & 	       0.9191	 & 	       0.6597	 & 	       0.9120 \\ 
$log\_N     $	 & 	       0.0142	 & 	      -0.0048	 & 	      -0.0086	 & 	       0.0070	 & 	      -0.0067	 & 	       0.0194	 & 	       0.0192	 & 	       0.0081	 & 	       0.0068	 & 	       0.0061	 & 	       0.9007	 & 	      -0.8683	 & 	      -0.9191	 & 	       0.6325	 & 	      -0.2080	 & 	       0.9519	 & 	       1.0000	 & 	       0.9991	 & 	       0.9853	 & 	       0.7524	 & 	       0.9340 \\ 
$log\_NC    $	 & 	       0.0067	 & 	      -0.0048	 & 	      -0.0090	 & 	       0.0006	 & 	      -0.0023	 & 	       0.0117	 & 	       0.0123	 & 	       0.0026	 & 	       0.0009	 & 	       0.0018	 & 	       0.9005	 & 	      -0.8669	 & 	      -0.9321	 & 	       0.6227	 & 	      -0.2099	 & 	       0.9556	 & 	       0.9991	 & 	       1.0000	 & 	       0.9773	 & 	       0.7252	 & 	       0.9247 \\ 
$log\_NI    $	 & 	       0.0450	 & 	      -0.0047	 & 	      -0.0064	 & 	       0.0330	 & 	      -0.0247	 & 	       0.0508	 & 	       0.0470	 & 	       0.0307	 & 	       0.0310	 & 	       0.0239	 & 	       0.8852	 & 	      -0.8581	 & 	      -0.8490	 & 	       0.6610	 & 	      -0.1963	 & 	       0.9191	 & 	       0.9853	 & 	       0.9773	 & 	       1.0000	 & 	       0.8509	 & 	       0.9550 \\ 
$log\_util  $	 & 	       0.0819	 & 	       0.0352	 & 	       0.0061	 & 	       0.0570	 & 	      -0.0850	 & 	       0.0954	 & 	       0.0557	 & 	       0.0309	 & 	       0.0539	 & 	       0.0330	 & 	       0.6931	 & 	      -0.6357	 & 	      -0.4571	 & 	       0.6625	 & 	      -0.1856	 & 	       0.6597	 & 	       0.7524	 & 	       0.7252	 & 	       0.8509	 & 	       1.0000	 & 	       0.8326 \\ 
$log\_D     $	 & 	       0.0757	 & 	       0.0051	 & 	       0.0126	 & 	       0.0616	 & 	      -0.0141	 & 	       0.0795	 & 	       0.0622	 & 	       0.0576	 & 	       0.0714	 & 	       0.0624	 & 	       0.8884	 & 	      -0.7571	 & 	      -0.8008	 & 	       0.6888	 & 	      -0.2273	 & 	       0.9120	 & 	       0.9340	 & 	       0.9247	 & 	       0.9550	 & 	       0.8326	 & 	       1.0000 \\ 
\end{longtable}
 \end{center}
% End of TeX file.
