% 20-Feb-2024 20:46:51, created by disp_th_moments.m 
 
\begin{center}
\begin{longtable}{lccccccccccccccccccccc} 
\caption{MATRIX OF CORRELATIONS}\\
 \label{Table:th_corr_matrix}\\
\toprule 
$Variables  $	 & 	 $      Y\_obs$	 & 	 $  Y\_N\_obs$	 & 	 $     SR\_obs$	 & 	 $      I\_obs$	 & 	 $  p\_I\_obs$	 & 	 $      C\_obs$	 & 	 $     NC\_obs$	 & 	 $     NI\_obs$	 & 	 $   util\_obs$	 & 	 $      D\_obs$	 & 	 $      log\_Y$	 & 	 $  log\_Y\_N$	 & 	 $     log\_SR$	 & 	 $      log\_I$	 & 	 $  log\_p\_I$	 & 	 $      log\_C$	 & 	 $      log\_N$	 & 	 $     log\_NC$	 & 	 $     log\_NI$	 & 	 $   log\_util$	 & 	 $      log\_D$\\
\midrule \endfirsthead 
\caption{(continued)}\\
 \toprule \\ 
$Variables  $	 & 	 $      Y\_obs$	 & 	 $  Y\_N\_obs$	 & 	 $     SR\_obs$	 & 	 $      I\_obs$	 & 	 $  p\_I\_obs$	 & 	 $      C\_obs$	 & 	 $     NC\_obs$	 & 	 $     NI\_obs$	 & 	 $   util\_obs$	 & 	 $      D\_obs$	 & 	 $      log\_Y$	 & 	 $  log\_Y\_N$	 & 	 $     log\_SR$	 & 	 $      log\_I$	 & 	 $  log\_p\_I$	 & 	 $      log\_C$	 & 	 $      log\_N$	 & 	 $     log\_NC$	 & 	 $     log\_NI$	 & 	 $   log\_util$	 & 	 $      log\_D$\\
\midrule \endhead 
\midrule \multicolumn{22}{r}{(Continued on next page)} \\ \bottomrule \endfoot 
\bottomrule \endlastfoot 
$Y\_obs     $	 & 	       1.0000	 & 	      -0.1497	 & 	       0.6545	 & 	       0.9393	 & 	       0.1268	 & 	       0.9854	 & 	       0.8875	 & 	       0.9131	 & 	       0.9554	 & 	       0.9439	 & 	       0.0060	 & 	      -0.0074	 & 	       0.0619	 & 	       0.0115	 & 	      -0.0223	 & 	       0.0046	 & 	       0.0075	 & 	       0.0064	 & 	       0.0122	 & 	       0.0111	 & 	       0.0082 \\ 
$Y\_N\_obs  $	 & 	      -0.1497	 & 	       1.0000	 & 	       0.6456	 & 	      -0.1548	 & 	      -0.1627	 & 	      -0.1404	 & 	      -0.5710	 & 	      -0.4226	 & 	      -0.2997	 & 	      -0.3197	 & 	      -0.0055	 & 	       0.0120	 & 	      -0.0005	 & 	      -0.0058	 & 	      -0.0112	 & 	      -0.0055	 & 	      -0.0075	 & 	      -0.0071	 & 	      -0.0095	 & 	      -0.0051	 & 	      -0.0055 \\ 
$SR\_obs    $	 & 	       0.6545	 & 	       0.6456	 & 	       1.0000	 & 	       0.6039	 & 	      -0.0191	 & 	       0.6504	 & 	       0.2473	 & 	       0.3809	 & 	       0.5075	 & 	       0.4828	 & 	      -0.0063	 & 	      -0.0044	 & 	       0.0101	 & 	      -0.0048	 & 	       0.0109	 & 	      -0.0066	 & 	      -0.0065	 & 	      -0.0069	 & 	      -0.0043	 & 	      -0.0034	 & 	      -0.0045 \\ 
$I\_obs     $	 & 	       0.9393	 & 	      -0.1548	 & 	       0.6039	 & 	       1.0000	 & 	       0.0170	 & 	       0.8672	 & 	       0.7999	 & 	       0.9530	 & 	       0.9176	 & 	       0.9066	 & 	       0.0055	 & 	      -0.0083	 & 	       0.0484	 & 	       0.0118	 & 	      -0.0113	 & 	       0.0040	 & 	       0.0071	 & 	       0.0056	 & 	       0.0137	 & 	       0.0101	 & 	       0.0079 \\ 
$p\_I\_obs  $	 & 	       0.1268	 & 	      -0.1627	 & 	      -0.0191	 & 	       0.0170	 & 	       1.0000	 & 	       0.1757	 & 	       0.1679	 & 	       0.1784	 & 	       0.1607	 & 	       0.1845	 & 	       0.0099	 & 	       0.0079	 & 	      -0.0221	 & 	       0.0075	 & 	       0.0201	 & 	       0.0105	 & 	       0.0101	 & 	       0.0101	 & 	       0.0101	 & 	       0.0083	 & 	       0.0098 \\ 
$C\_obs     $	 & 	       0.9854	 & 	      -0.1404	 & 	       0.6504	 & 	       0.8672	 & 	       0.1757	 & 	       1.0000	 & 	       0.8913	 & 	       0.8524	 & 	       0.9314	 & 	       0.9202	 & 	       0.0060	 & 	      -0.0066	 & 	       0.0658	 & 	       0.0108	 & 	      -0.0267	 & 	       0.0048	 & 	       0.0074	 & 	       0.0066	 & 	       0.0109	 & 	       0.0110	 & 	       0.0080 \\ 
$NC\_obs    $	 & 	       0.8875	 & 	      -0.5710	 & 	       0.2473	 & 	       0.7999	 & 	       0.1679	 & 	       0.8913	 & 	       1.0000	 & 	       0.9022	 & 	       0.9104	 & 	       0.9090	 & 	       0.0070	 & 	      -0.0115	 & 	       0.0562	 & 	       0.0114	 & 	      -0.0180	 & 	       0.0060	 & 	       0.0091	 & 	       0.0082	 & 	       0.0131	 & 	       0.0112	 & 	       0.0087 \\ 
$NI\_obs    $	 & 	       0.9131	 & 	      -0.4226	 & 	       0.3809	 & 	       0.9530	 & 	       0.1784	 & 	       0.8524	 & 	       0.9022	 & 	       1.0000	 & 	       0.9359	 & 	       0.9339	 & 	       0.0077	 & 	      -0.0097	 & 	       0.0422	 & 	       0.0132	 & 	      -0.0054	 & 	       0.0063	 & 	       0.0096	 & 	       0.0081	 & 	       0.0161	 & 	       0.0116	 & 	       0.0098 \\ 
$util\_obs  $	 & 	       0.9554	 & 	      -0.2997	 & 	       0.5075	 & 	       0.9176	 & 	       0.1607	 & 	       0.9314	 & 	       0.9104	 & 	       0.9359	 & 	       1.0000	 & 	       0.9991	 & 	       0.0063	 & 	      -0.0059	 & 	       0.0545	 & 	       0.0112	 & 	      -0.0090	 & 	       0.0051	 & 	       0.0077	 & 	       0.0065	 & 	       0.0130	 & 	       0.0109	 & 	       0.0087 \\ 
$D\_obs     $	 & 	       0.9439	 & 	      -0.3197	 & 	       0.4828	 & 	       0.9066	 & 	       0.1845	 & 	       0.9202	 & 	       0.9090	 & 	       0.9339	 & 	       0.9991	 & 	       1.0000	 & 	       0.0076	 & 	      -0.0043	 & 	       0.0584	 & 	       0.0126	 & 	      -0.0125	 & 	       0.0063	 & 	       0.0089	 & 	       0.0077	 & 	       0.0141	 & 	       0.0122	 & 	       0.0099 \\ 
$log\_Y     $	 & 	       0.0060	 & 	      -0.0055	 & 	      -0.0063	 & 	       0.0055	 & 	       0.0099	 & 	       0.0060	 & 	       0.0070	 & 	       0.0077	 & 	       0.0063	 & 	       0.0076	 & 	       1.0000	 & 	       0.9817	 & 	       0.8770	 & 	       0.9994	 & 	      -0.8653	 & 	       1.0000	 & 	       0.9998	 & 	       0.9999	 & 	       0.9983	 & 	       0.9998	 & 	       0.9999 \\ 
$log\_Y\_N  $	 & 	      -0.0074	 & 	       0.0120	 & 	      -0.0044	 & 	      -0.0083	 & 	       0.0079	 & 	      -0.0066	 & 	      -0.0115	 & 	      -0.0097	 & 	      -0.0059	 & 	      -0.0043	 & 	       0.9817	 & 	       1.0000	 & 	       0.9106	 & 	       0.9807	 & 	      -0.9016	 & 	       0.9817	 & 	       0.9774	 & 	       0.9787	 & 	       0.9703	 & 	       0.9810	 & 	       0.9797 \\ 
$log\_SR    $	 & 	       0.0619	 & 	      -0.0005	 & 	       0.0101	 & 	       0.0484	 & 	      -0.0221	 & 	       0.0658	 & 	       0.0562	 & 	       0.0422	 & 	       0.0545	 & 	       0.0584	 & 	       0.8770	 & 	       0.9106	 & 	       1.0000	 & 	       0.8876	 & 	      -0.9905	 & 	       0.8742	 & 	       0.8712	 & 	       0.8734	 & 	       0.8604	 & 	       0.8836	 & 	       0.8736 \\ 
$log\_I     $	 & 	       0.0115	 & 	      -0.0058	 & 	      -0.0048	 & 	       0.0118	 & 	       0.0075	 & 	       0.0108	 & 	       0.0114	 & 	       0.0132	 & 	       0.0112	 & 	       0.0126	 & 	       0.9994	 & 	       0.9807	 & 	       0.8876	 & 	       1.0000	 & 	      -0.8754	 & 	       0.9990	 & 	       0.9992	 & 	       0.9992	 & 	       0.9981	 & 	       0.9998	 & 	       0.9993 \\ 
$log\_p\_I  $	 & 	      -0.0223	 & 	      -0.0112	 & 	       0.0109	 & 	      -0.0113	 & 	       0.0201	 & 	      -0.0267	 & 	      -0.0180	 & 	      -0.0054	 & 	      -0.0090	 & 	      -0.0125	 & 	      -0.8653	 & 	      -0.9016	 & 	      -0.9905	 & 	      -0.8754	 & 	       1.0000	 & 	      -0.8626	 & 	      -0.8592	 & 	      -0.8620	 & 	      -0.8460	 & 	      -0.8703	 & 	      -0.8602 \\ 
$log\_C     $	 & 	       0.0046	 & 	      -0.0055	 & 	      -0.0066	 & 	       0.0040	 & 	       0.0105	 & 	       0.0048	 & 	       0.0060	 & 	       0.0063	 & 	       0.0051	 & 	       0.0063	 & 	       1.0000	 & 	       0.9817	 & 	       0.8742	 & 	       0.9990	 & 	      -0.8626	 & 	       1.0000	 & 	       0.9997	 & 	       0.9998	 & 	       0.9981	 & 	       0.9996	 & 	       0.9998 \\ 
$log\_N     $	 & 	       0.0075	 & 	      -0.0075	 & 	      -0.0065	 & 	       0.0071	 & 	       0.0101	 & 	       0.0074	 & 	       0.0091	 & 	       0.0096	 & 	       0.0077	 & 	       0.0089	 & 	       0.9998	 & 	       0.9774	 & 	       0.8712	 & 	       0.9992	 & 	      -0.8592	 & 	       0.9997	 & 	       1.0000	 & 	       1.0000	 & 	       0.9992	 & 	       0.9996	 & 	       0.9998 \\ 
$log\_NC    $	 & 	       0.0064	 & 	      -0.0071	 & 	      -0.0069	 & 	       0.0056	 & 	       0.0101	 & 	       0.0066	 & 	       0.0082	 & 	       0.0081	 & 	       0.0065	 & 	       0.0077	 & 	       0.9999	 & 	       0.9787	 & 	       0.8734	 & 	       0.9992	 & 	      -0.8620	 & 	       0.9998	 & 	       1.0000	 & 	       1.0000	 & 	       0.9987	 & 	       0.9996	 & 	       0.9998 \\ 
$log\_NI    $	 & 	       0.0122	 & 	      -0.0095	 & 	      -0.0043	 & 	       0.0137	 & 	       0.0101	 & 	       0.0109	 & 	       0.0131	 & 	       0.0161	 & 	       0.0130	 & 	       0.0141	 & 	       0.9983	 & 	       0.9703	 & 	       0.8604	 & 	       0.9981	 & 	      -0.8460	 & 	       0.9981	 & 	       0.9992	 & 	       0.9987	 & 	       1.0000	 & 	       0.9984	 & 	       0.9989 \\ 
$log\_util  $	 & 	       0.0111	 & 	      -0.0051	 & 	      -0.0034	 & 	       0.0101	 & 	       0.0083	 & 	       0.0110	 & 	       0.0112	 & 	       0.0116	 & 	       0.0109	 & 	       0.0122	 & 	       0.9998	 & 	       0.9810	 & 	       0.8836	 & 	       0.9998	 & 	      -0.8703	 & 	       0.9996	 & 	       0.9996	 & 	       0.9996	 & 	       0.9984	 & 	       1.0000	 & 	       0.9998 \\ 
$log\_D     $	 & 	       0.0082	 & 	      -0.0055	 & 	      -0.0045	 & 	       0.0079	 & 	       0.0098	 & 	       0.0080	 & 	       0.0087	 & 	       0.0098	 & 	       0.0087	 & 	       0.0099	 & 	       0.9999	 & 	       0.9797	 & 	       0.8736	 & 	       0.9993	 & 	      -0.8602	 & 	       0.9998	 & 	       0.9998	 & 	       0.9998	 & 	       0.9989	 & 	       0.9998	 & 	       1.0000 \\ 
\end{longtable}
 \end{center}
% End of TeX file.
