% 15-Feb-2024 12:50:58, created by display_conditional_variance_decomposition.m 
 
\begin{center}
\begin{longtable}{lccccc} 
\caption{CONDITIONAL VARIANCE DECOMPOSITION (in percent); Period 4}\\
 \label{Table:th_var_decomp_cond_h4}\\
\toprule 
$          $	 & 	 $       {e_g}$	 & 	 $       {e_Z}$	 & 	 $    {e_{ZI}}$	 & 	 $       {e_N}$	 & 	 $       {e_D}$\\
\midrule \endfirsthead 
\caption{(continued)}\\
 \toprule \\ 
$          $	 & 	 $       {e_g}$	 & 	 $       {e_Z}$	 & 	 $    {e_{ZI}}$	 & 	 $       {e_N}$	 & 	 $       {e_D}$\\
\midrule \endhead 
\midrule \multicolumn{6}{r}{(Continued on next page)} \\ \bottomrule \endfoot 
\bottomrule \endlastfoot 
$Y_obs     $	 & 	        1.07	 & 	        1.30	 & 	        1.67	 & 	       30.46	 & 	       65.51 \\ 
$Y_N_obs   $	 & 	       40.42	 & 	        0.09	 & 	        0.62	 & 	       58.28	 & 	        0.59 \\ 
$I_obs     $	 & 	        0.26	 & 	        1.79	 & 	        7.09	 & 	       30.51	 & 	       60.35 \\ 
$p_I_obs   $	 & 	        0.00	 & 	        5.66	 & 	       39.71	 & 	       16.64	 & 	       37.99 \\ 
$C_obs     $	 & 	        1.87	 & 	        7.38	 & 	        0.23	 & 	       27.45	 & 	       63.07 \\ 
$NC_obs    $	 & 	        7.03	 & 	        3.50	 & 	        0.11	 & 	       59.47	 & 	       29.88 \\ 
$NI_obs    $	 & 	        1.43	 & 	        1.60	 & 	        1.67	 & 	       46.72	 & 	       48.58 \\ 
$util_obs  $	 & 	        2.75	 & 	        0.63	 & 	        0.68	 & 	       15.38	 & 	       80.55 \\ 
$D_obs     $	 & 	        3.76	 & 	        0.53	 & 	        0.31	 & 	       14.09	 & 	       81.31 \\ 
$log_Y     $	 & 	       16.26	 & 	        2.72	 & 	        1.88	 & 	       17.57	 & 	       61.57 \\ 
$log_Y_N   $	 & 	        0.00	 & 	        0.04	 & 	        3.16	 & 	       96.30	 & 	        0.50 \\ 
$log_I     $	 & 	        2.84	 & 	        1.50	 & 	        9.30	 & 	       19.99	 & 	       66.36 \\ 
$log_p_I   $	 & 	        0.01	 & 	        1.11	 & 	       81.86	 & 	        3.97	 & 	       13.04 \\ 
$log_C     $	 & 	       28.18	 & 	       12.44	 & 	        0.03	 & 	       12.72	 & 	       46.63 \\ 
$log_N     $	 & 	       11.74	 & 	        1.88	 & 	        0.40	 & 	       43.00	 & 	       42.98 \\ 
$log_NC    $	 & 	       18.29	 & 	        8.07	 & 	        0.02	 & 	       43.36	 & 	       30.26 \\ 
$log_NI    $	 & 	        2.77	 & 	        1.61	 & 	        2.52	 & 	       34.25	 & 	       58.85 \\ 
$log_util  $	 & 	        5.63	 & 	        1.49	 & 	        0.76	 & 	        9.35	 & 	       82.76 \\ 
$log_D     $	 & 	        7.79	 & 	        1.25	 & 	        0.26	 & 	        8.30	 & 	       82.40 \\ 
\end{longtable}
 \end{center}
% End of TeX file.
