% 23-Feb-2024 13:19:33, created by disp_th_moments.m 
 
\begin{center}
\begin{longtable}{lccccccccccccccccccccc} 
\caption{MATRIX OF CORRELATIONS}\\
 \label{Table:th_corr_matrix}\\
\toprule 
$Variables  $	 & 	 $      Y\_obs$	 & 	 $  Y\_N\_obs$	 & 	 $     SR\_obs$	 & 	 $      I\_obs$	 & 	 $  p\_I\_obs$	 & 	 $      C\_obs$	 & 	 $     NC\_obs$	 & 	 $     NI\_obs$	 & 	 $   util\_obs$	 & 	 $      D\_obs$	 & 	 $      log\_Y$	 & 	 $  log\_Y\_N$	 & 	 $     log\_SR$	 & 	 $      log\_I$	 & 	 $  log\_p\_I$	 & 	 $      log\_C$	 & 	 $      log\_N$	 & 	 $     log\_NC$	 & 	 $     log\_NI$	 & 	 $   log\_util$	 & 	 $      log\_D$\\
\midrule \endfirsthead 
\caption{(continued)}\\
 \toprule \\ 
$Variables  $	 & 	 $      Y\_obs$	 & 	 $  Y\_N\_obs$	 & 	 $     SR\_obs$	 & 	 $      I\_obs$	 & 	 $  p\_I\_obs$	 & 	 $      C\_obs$	 & 	 $     NC\_obs$	 & 	 $     NI\_obs$	 & 	 $   util\_obs$	 & 	 $      D\_obs$	 & 	 $      log\_Y$	 & 	 $  log\_Y\_N$	 & 	 $     log\_SR$	 & 	 $      log\_I$	 & 	 $  log\_p\_I$	 & 	 $      log\_C$	 & 	 $      log\_N$	 & 	 $     log\_NC$	 & 	 $     log\_NI$	 & 	 $   log\_util$	 & 	 $      log\_D$\\
\midrule \endhead 
\midrule \multicolumn{22}{r}{(Continued on next page)} \\ \bottomrule \endfoot 
\bottomrule \endlastfoot 
$Y\_obs     $	 & 	       1.0000	 & 	       0.0563	 & 	       0.7548	 & 	       0.8978	 & 	      -0.3204	 & 	       0.9770	 & 	       0.8830	 & 	       0.8583	 & 	       0.9632	 & 	       0.9321	 & 	       0.0092	 & 	      -0.0075	 & 	       0.0790	 & 	       0.0123	 & 	      -0.0098	 & 	       0.0082	 & 	       0.0122	 & 	       0.0112	 & 	       0.0169	 & 	       0.0258	 & 	       0.0169 \\ 
$Y\_N\_obs  $	 & 	       0.0563	 & 	       1.0000	 & 	       0.6934	 & 	       0.0080	 & 	      -0.1387	 & 	       0.0756	 & 	      -0.3885	 & 	      -0.2793	 & 	      -0.0624	 & 	      -0.1301	 & 	      -0.0026	 & 	       0.0115	 & 	       0.0259	 & 	       0.0002	 & 	      -0.0042	 & 	      -0.0034	 & 	      -0.0052	 & 	      -0.0055	 & 	      -0.0039	 & 	       0.0040	 & 	      -0.0016 \\ 
$SR\_obs    $	 & 	       0.7548	 & 	       0.6934	 & 	       1.0000	 & 	       0.6492	 & 	      -0.3204	 & 	       0.7512	 & 	       0.3806	 & 	       0.4333	 & 	       0.6527	 & 	       0.5867	 & 	      -0.0079	 & 	      -0.0124	 & 	       0.0191	 & 	      -0.0126	 & 	       0.0136	 & 	      -0.0065	 & 	      -0.0071	 & 	      -0.0060	 & 	      -0.0117	 & 	      -0.0002	 & 	      -0.0020 \\ 
$I\_obs     $	 & 	       0.8978	 & 	       0.0080	 & 	       0.6492	 & 	       1.0000	 & 	      -0.4450	 & 	       0.7832	 & 	       0.7405	 & 	       0.9523	 & 	       0.8996	 & 	       0.8594	 & 	       0.0092	 & 	      -0.0108	 & 	       0.0811	 & 	       0.0151	 & 	      -0.0087	 & 	       0.0073	 & 	       0.0128	 & 	       0.0108	 & 	       0.0220	 & 	       0.0268	 & 	       0.0182 \\ 
$p\_I\_obs  $	 & 	      -0.3204	 & 	      -0.1387	 & 	      -0.3204	 & 	      -0.4450	 & 	       1.0000	 & 	      -0.2369	 & 	      -0.2050	 & 	      -0.2942	 & 	      -0.3224	 & 	      -0.2265	 & 	       0.0065	 & 	       0.0082	 & 	      -0.1050	 & 	       0.0035	 & 	       0.0079	 & 	       0.0074	 & 	       0.0062	 & 	       0.0061	 & 	       0.0066	 & 	      -0.0123	 & 	       0.0038 \\ 
$C\_obs     $	 & 	       0.9770	 & 	       0.0756	 & 	       0.7512	 & 	       0.7832	 & 	      -0.2369	 & 	       1.0000	 & 	       0.8879	 & 	       0.7505	 & 	       0.9241	 & 	       0.8998	 & 	       0.0086	 & 	      -0.0054	 & 	       0.0723	 & 	       0.0101	 & 	      -0.0096	 & 	       0.0081	 & 	       0.0111	 & 	       0.0106	 & 	       0.0132	 & 	       0.0235	 & 	       0.0150 \\ 
$NC\_obs    $	 & 	       0.8830	 & 	      -0.3885	 & 	       0.3806	 & 	       0.7405	 & 	      -0.2050	 & 	       0.8879	 & 	       1.0000	 & 	       0.8361	 & 	       0.8907	 & 	       0.8948	 & 	       0.0088	 & 	      -0.0108	 & 	       0.0596	 & 	       0.0091	 & 	      -0.0072	 & 	       0.0086	 & 	       0.0123	 & 	       0.0120	 & 	       0.0138	 & 	       0.0203	 & 	       0.0144 \\ 
$NI\_obs    $	 & 	       0.8583	 & 	      -0.2793	 & 	       0.4333	 & 	       0.9523	 & 	      -0.2942	 & 	       0.7505	 & 	       0.8361	 & 	       1.0000	 & 	       0.8909	 & 	       0.8801	 & 	       0.0107	 & 	      -0.0130	 & 	       0.0627	 & 	       0.0155	 & 	      -0.0068	 & 	       0.0092	 & 	       0.0150	 & 	       0.0131	 & 	       0.0238	 & 	       0.0245	 & 	       0.0192 \\ 
$util\_obs  $	 & 	       0.9632	 & 	      -0.0624	 & 	       0.6527	 & 	       0.8996	 & 	      -0.3224	 & 	       0.9241	 & 	       0.8907	 & 	       0.8909	 & 	       1.0000	 & 	       0.9832	 & 	       0.0054	 & 	      -0.0113	 & 	       0.0600	 & 	       0.0051	 & 	       0.0003	 & 	       0.0054	 & 	       0.0084	 & 	       0.0079	 & 	       0.0103	 & 	       0.0182	 & 	       0.0135 \\ 
$D\_obs     $	 & 	       0.9321	 & 	      -0.1301	 & 	       0.5867	 & 	       0.8594	 & 	      -0.2265	 & 	       0.8998	 & 	       0.8948	 & 	       0.8801	 & 	       0.9832	 & 	       1.0000	 & 	       0.0085	 & 	      -0.0056	 & 	       0.0603	 & 	       0.0090	 & 	      -0.0055	 & 	       0.0083	 & 	       0.0111	 & 	       0.0106	 & 	       0.0131	 & 	       0.0203	 & 	       0.0159 \\ 
$log\_Y     $	 & 	       0.0092	 & 	      -0.0026	 & 	      -0.0079	 & 	       0.0092	 & 	       0.0065	 & 	       0.0086	 & 	       0.0088	 & 	       0.0107	 & 	       0.0054	 & 	       0.0085	 & 	       1.0000	 & 	       0.9869	 & 	       0.4548	 & 	       0.9912	 & 	      -0.9611	 & 	       0.9992	 & 	       0.9996	 & 	       0.9992	 & 	       0.9915	 & 	       0.9899	 & 	       0.9995 \\ 
$log\_Y\_N  $	 & 	      -0.0075	 & 	       0.0115	 & 	      -0.0124	 & 	      -0.0108	 & 	       0.0082	 & 	      -0.0054	 & 	      -0.0108	 & 	      -0.0130	 & 	      -0.0113	 & 	      -0.0056	 & 	       0.9869	 & 	       1.0000	 & 	       0.5420	 & 	       0.9872	 & 	      -0.9820	 & 	       0.9834	 & 	       0.9817	 & 	       0.9811	 & 	       0.9747	 & 	       0.9888	 & 	       0.9837 \\ 
$log\_SR    $	 & 	       0.0790	 & 	       0.0259	 & 	       0.0191	 & 	       0.0811	 & 	      -0.1050	 & 	       0.0723	 & 	       0.0596	 & 	       0.0627	 & 	       0.0600	 & 	       0.0603	 & 	       0.4548	 & 	       0.5420	 & 	       1.0000	 & 	       0.5597	 & 	      -0.6663	 & 	       0.4217	 & 	       0.4376	 & 	       0.4211	 & 	       0.5107	 & 	       0.5741	 & 	       0.4441 \\ 
$log\_I     $	 & 	       0.0123	 & 	       0.0002	 & 	      -0.0126	 & 	       0.0151	 & 	       0.0035	 & 	       0.0101	 & 	       0.0091	 & 	       0.0155	 & 	       0.0051	 & 	       0.0090	 & 	       0.9912	 & 	       0.9872	 & 	       0.5597	 & 	       1.0000	 & 	      -0.9822	 & 	       0.9852	 & 	       0.9891	 & 	       0.9855	 & 	       0.9962	 & 	       0.9992	 & 	       0.9900 \\ 
$log\_p\_I  $	 & 	      -0.0098	 & 	      -0.0042	 & 	       0.0136	 & 	      -0.0087	 & 	       0.0079	 & 	      -0.0096	 & 	      -0.0072	 & 	      -0.0068	 & 	       0.0003	 & 	      -0.0055	 & 	      -0.9611	 & 	      -0.9820	 & 	      -0.6663	 & 	      -0.9822	 & 	       1.0000	 & 	      -0.9514	 & 	      -0.9546	 & 	      -0.9508	 & 	      -0.9627	 & 	      -0.9850	 & 	      -0.9550 \\ 
$log\_C     $	 & 	       0.0082	 & 	      -0.0034	 & 	      -0.0065	 & 	       0.0073	 & 	       0.0074	 & 	       0.0081	 & 	       0.0086	 & 	       0.0092	 & 	       0.0054	 & 	       0.0083	 & 	       0.9992	 & 	       0.9834	 & 	       0.4217	 & 	       0.9852	 & 	      -0.9514	 & 	       1.0000	 & 	       0.9993	 & 	       0.9998	 & 	       0.9867	 & 	       0.9837	 & 	       0.9990 \\ 
$log\_N     $	 & 	       0.0122	 & 	      -0.0052	 & 	      -0.0071	 & 	       0.0128	 & 	       0.0062	 & 	       0.0111	 & 	       0.0123	 & 	       0.0150	 & 	       0.0084	 & 	       0.0111	 & 	       0.9996	 & 	       0.9817	 & 	       0.4376	 & 	       0.9891	 & 	      -0.9546	 & 	       0.9993	 & 	       1.0000	 & 	       0.9996	 & 	       0.9918	 & 	       0.9873	 & 	       0.9996 \\ 
$log\_NC    $	 & 	       0.0112	 & 	      -0.0055	 & 	      -0.0060	 & 	       0.0108	 & 	       0.0061	 & 	       0.0106	 & 	       0.0120	 & 	       0.0131	 & 	       0.0079	 & 	       0.0106	 & 	       0.9992	 & 	       0.9811	 & 	       0.4211	 & 	       0.9855	 & 	      -0.9508	 & 	       0.9998	 & 	       0.9996	 & 	       1.0000	 & 	       0.9880	 & 	       0.9839	 & 	       0.9990 \\ 
$log\_NI    $	 & 	       0.0169	 & 	      -0.0039	 & 	      -0.0117	 & 	       0.0220	 & 	       0.0066	 & 	       0.0132	 & 	       0.0138	 & 	       0.0238	 & 	       0.0103	 & 	       0.0131	 & 	       0.9915	 & 	       0.9747	 & 	       0.5107	 & 	       0.9962	 & 	      -0.9627	 & 	       0.9867	 & 	       0.9918	 & 	       0.9880	 & 	       1.0000	 & 	       0.9937	 & 	       0.9926 \\ 
$log\_util  $	 & 	       0.0258	 & 	       0.0040	 & 	      -0.0002	 & 	       0.0268	 & 	      -0.0123	 & 	       0.0235	 & 	       0.0203	 & 	       0.0245	 & 	       0.0182	 & 	       0.0203	 & 	       0.9899	 & 	       0.9888	 & 	       0.5741	 & 	       0.9992	 & 	      -0.9850	 & 	       0.9837	 & 	       0.9873	 & 	       0.9839	 & 	       0.9937	 & 	       1.0000	 & 	       0.9884 \\ 
$log\_D     $	 & 	       0.0169	 & 	      -0.0016	 & 	      -0.0020	 & 	       0.0182	 & 	       0.0038	 & 	       0.0150	 & 	       0.0144	 & 	       0.0192	 & 	       0.0135	 & 	       0.0159	 & 	       0.9995	 & 	       0.9837	 & 	       0.4441	 & 	       0.9900	 & 	      -0.9550	 & 	       0.9990	 & 	       0.9996	 & 	       0.9990	 & 	       0.9926	 & 	       0.9884	 & 	       1.0000 \\ 
\end{longtable}
 \end{center}
% End of TeX file.
