% 19-Feb-2024 18:06:37, created by display_conditional_variance_decomposition.m 
 
\begin{center}
\begin{longtable}{lccccc} 
\caption{CONDITIONAL VARIANCE DECOMPOSITION (in percent); Period 1}\\
 \label{Table:th_var_decomp_cond_h1}\\
\toprule 
$          $	 & 	 $       {e_g}$	 & 	 $       {e_Z}$	 & 	 $    {e_{ZI}}$	 & 	 $       {e_N}$	 & 	 $       {e_D}$\\
\midrule \endfirsthead 
\caption{(continued)}\\
 \toprule \\ 
$          $	 & 	 $       {e_g}$	 & 	 $       {e_Z}$	 & 	 $    {e_{ZI}}$	 & 	 $       {e_N}$	 & 	 $       {e_D}$\\
\midrule \endhead 
\midrule \multicolumn{6}{r}{(Continued on next page)} \\ \bottomrule \endfoot 
\bottomrule \endlastfoot 
$Y_obs     $	 & 	        0.72	 & 	       33.64	 & 	       16.79	 & 	        1.79	 & 	       47.06 \\ 
$Y_N_obs   $	 & 	       21.62	 & 	        0.96	 & 	       56.08	 & 	       21.33	 & 	        0.00 \\ 
$I_obs     $	 & 	        0.03	 & 	       19.88	 & 	       59.43	 & 	        0.17	 & 	       20.49 \\ 
$p_I_obs   $	 & 	        0.01	 & 	       13.66	 & 	       74.90	 & 	        0.00	 & 	       11.43 \\ 
$C_obs     $	 & 	        2.15	 & 	       30.04	 & 	        6.47	 & 	        4.56	 & 	       56.77 \\ 
$NC_obs    $	 & 	        0.49	 & 	       20.79	 & 	        6.47	 & 	       19.66	 & 	       52.60 \\ 
$NI_obs    $	 & 	        0.07	 & 	       33.68	 & 	       30.03	 & 	        0.90	 & 	       35.31 \\ 
$util_obs  $	 & 	        0.01	 & 	        1.41	 & 	        3.03	 & 	        0.12	 & 	       95.42 \\ 
$D_obs     $	 & 	        0.01	 & 	        0.87	 & 	        0.14	 & 	        0.04	 & 	       98.94 \\ 
$log_Y     $	 & 	        0.31	 & 	       33.78	 & 	       16.86	 & 	        1.80	 & 	       47.26 \\ 
$log_Y_N   $	 & 	        0.08	 & 	        1.23	 & 	       71.49	 & 	       27.20	 & 	        0.01 \\ 
$log_I     $	 & 	        0.05	 & 	       19.88	 & 	       59.42	 & 	        0.17	 & 	       20.49 \\ 
$log_p_I   $	 & 	        0.01	 & 	       13.66	 & 	       74.90	 & 	        0.00	 & 	       11.43 \\ 
$log_C     $	 & 	        0.66	 & 	       30.50	 & 	        6.57	 & 	        4.63	 & 	       57.64 \\ 
$log_N     $	 & 	        0.26	 & 	       34.26	 & 	        4.31	 & 	        7.94	 & 	       53.23 \\ 
$log_NC    $	 & 	        0.49	 & 	       20.79	 & 	        6.47	 & 	       19.66	 & 	       52.60 \\ 
$log_NI    $	 & 	        0.07	 & 	       33.68	 & 	       30.03	 & 	        0.90	 & 	       35.31 \\ 
$log_util  $	 & 	        0.01	 & 	        1.41	 & 	        3.03	 & 	        0.12	 & 	       95.42 \\ 
$log_D     $	 & 	        0.01	 & 	        0.87	 & 	        0.14	 & 	        0.04	 & 	       98.94 \\ 
\end{longtable}
 \end{center}
% End of TeX file.
