% 20-Feb-2024 11:24:06, created by display_conditional_variance_decomposition.m 
 
\begin{center}
\begin{longtable}{lccccc} 
\caption{CONDITIONAL VARIANCE DECOMPOSITION (in percent); Period 8}\\
 \label{Table:th_var_decomp_cond_h8}\\
\toprule 
$          $	 & 	 $       {e_g}$	 & 	 $       {e_Z}$	 & 	 $    {e_{ZI}}$	 & 	 $       {e_N}$	 & 	 $       {e_D}$\\
\midrule \endfirsthead 
\caption{(continued)}\\
 \toprule \\ 
$          $	 & 	 $       {e_g}$	 & 	 $       {e_Z}$	 & 	 $    {e_{ZI}}$	 & 	 $       {e_N}$	 & 	 $       {e_D}$\\
\midrule \endhead 
\midrule \multicolumn{6}{r}{(Continued on next page)} \\ \bottomrule \endfoot 
\bottomrule \endlastfoot 
$Y_obs     $	 & 	       10.18	 & 	        1.42	 & 	        0.92	 & 	       10.96	 & 	       76.51 \\ 
$Y_N_obs   $	 & 	       60.26	 & 	        0.38	 & 	        0.86	 & 	       37.01	 & 	        1.50 \\ 
$SR_obs    $	 & 	       13.00	 & 	        2.66	 & 	        2.78	 & 	        6.05	 & 	       75.51 \\ 
$I_obs     $	 & 	        4.05	 & 	        3.36	 & 	        4.99	 & 	       17.56	 & 	       70.03 \\ 
$p_I_obs   $	 & 	        0.26	 & 	       11.04	 & 	       57.94	 & 	        8.66	 & 	       22.10 \\ 
$C_obs     $	 & 	       14.14	 & 	        8.82	 & 	        0.00	 & 	        6.28	 & 	       70.75 \\ 
$NC_obs    $	 & 	        1.32	 & 	        6.11	 & 	        0.00	 & 	       38.01	 & 	       54.56 \\ 
$NI_obs    $	 & 	        0.02	 & 	        3.25	 & 	        1.41	 & 	       31.45	 & 	       63.87 \\ 
$util_obs  $	 & 	        1.00	 & 	        0.96	 & 	        0.45	 & 	        0.84	 & 	       96.75 \\ 
$D_obs     $	 & 	        0.02	 & 	        0.03	 & 	        0.01	 & 	        0.33	 & 	       99.60 \\ 
$log_Y     $	 & 	        0.90	 & 	        2.95	 & 	        0.88	 & 	        8.04	 & 	       87.23 \\ 
$log_Y_N   $	 & 	        0.36	 & 	        3.67	 & 	        2.90	 & 	       85.23	 & 	        7.83 \\ 
$log_SR    $	 & 	        7.05	 & 	        7.48	 & 	        2.19	 & 	        5.06	 & 	       78.22 \\ 
$log_I     $	 & 	        0.03	 & 	        1.18	 & 	        4.53	 & 	       12.90	 & 	       81.35 \\ 
$log_p_I   $	 & 	        0.11	 & 	       36.05	 & 	       55.68	 & 	        1.82	 & 	        6.34 \\ 
$log_C     $	 & 	        2.73	 & 	       10.83	 & 	        0.01	 & 	        4.72	 & 	       81.72 \\ 
$log_N     $	 & 	        0.60	 & 	        1.41	 & 	        0.22	 & 	       26.93	 & 	       70.84 \\ 
$log_NC    $	 & 	        1.85	 & 	        7.46	 & 	        0.00	 & 	       27.43	 & 	       63.26 \\ 
$log_NI    $	 & 	        0.05	 & 	        2.04	 & 	        1.29	 & 	       22.74	 & 	       73.89 \\ 
$log_util  $	 & 	        1.14	 & 	        1.83	 & 	        0.33	 & 	        0.49	 & 	       96.20 \\ 
$log_D     $	 & 	        0.02	 & 	        0.06	 & 	        0.01	 & 	        0.22	 & 	       99.70 \\ 
\end{longtable}
 \end{center}
% End of TeX file.
