% 20-Feb-2024 11:24:06, created by display_conditional_variance_decomposition.m 
 
\begin{center}
\begin{longtable}{lccccc} 
\caption{CONDITIONAL VARIANCE DECOMPOSITION (in percent); Period 1}\\
 \label{Table:th_var_decomp_cond_h1}\\
\toprule 
$          $	 & 	 $       {e_g}$	 & 	 $       {e_Z}$	 & 	 $    {e_{ZI}}$	 & 	 $       {e_N}$	 & 	 $       {e_D}$\\
\midrule \endfirsthead 
\caption{(continued)}\\
 \toprule \\ 
$          $	 & 	 $       {e_g}$	 & 	 $       {e_Z}$	 & 	 $    {e_{ZI}}$	 & 	 $       {e_N}$	 & 	 $       {e_D}$\\
\midrule \endhead 
\midrule \multicolumn{6}{r}{(Continued on next page)} \\ \bottomrule \endfoot 
\bottomrule \endlastfoot 
$Y_obs     $	 & 	       10.21	 & 	        1.35	 & 	        0.92	 & 	       10.73	 & 	       76.78 \\ 
$Y_N_obs   $	 & 	       61.08	 & 	        0.30	 & 	        0.86	 & 	       36.27	 & 	        1.49 \\ 
$SR_obs    $	 & 	        1.16	 & 	        2.55	 & 	        3.12	 & 	        6.85	 & 	       86.33 \\ 
$I_obs     $	 & 	        4.07	 & 	        2.86	 & 	        5.00	 & 	       17.28	 & 	       70.79 \\ 
$p_I_obs   $	 & 	        0.26	 & 	        5.83	 & 	       66.22	 & 	        7.61	 & 	       20.09 \\ 
$C_obs     $	 & 	       14.17	 & 	        8.84	 & 	        0.00	 & 	        6.14	 & 	       70.85 \\ 
$NC_obs    $	 & 	        1.32	 & 	        6.17	 & 	        0.00	 & 	       37.36	 & 	       55.14 \\ 
$NI_obs    $	 & 	        0.02	 & 	        3.13	 & 	        1.41	 & 	       30.87	 & 	       64.59 \\ 
$util_obs  $	 & 	        1.01	 & 	        0.90	 & 	        0.44	 & 	        0.80	 & 	       96.87 \\ 
$D_obs     $	 & 	        0.02	 & 	        0.03	 & 	        0.01	 & 	        0.32	 & 	       99.61 \\ 
$log_Y     $	 & 	        0.80	 & 	        1.50	 & 	        1.02	 & 	       11.86	 & 	       84.84 \\ 
$log_Y_N   $	 & 	        0.24	 & 	        0.77	 & 	        2.22	 & 	       92.96	 & 	        3.81 \\ 
$log_SR    $	 & 	        1.16	 & 	        2.55	 & 	        3.12	 & 	        6.85	 & 	       86.33 \\ 
$log_I     $	 & 	        0.00	 & 	        2.98	 & 	        5.21	 & 	       18.01	 & 	       73.80 \\ 
$log_p_I   $	 & 	        0.26	 & 	        5.83	 & 	       66.22	 & 	        7.61	 & 	       20.09 \\ 
$log_C     $	 & 	        2.22	 & 	       10.06	 & 	        0.00	 & 	        7.00	 & 	       80.71 \\ 
$log_N     $	 & 	        0.45	 & 	        0.74	 & 	        0.23	 & 	       36.67	 & 	       61.91 \\ 
$log_NC    $	 & 	        1.32	 & 	        6.17	 & 	        0.00	 & 	       37.36	 & 	       55.14 \\ 
$log_NI    $	 & 	        0.02	 & 	        3.13	 & 	        1.41	 & 	       30.87	 & 	       64.59 \\ 
$log_util  $	 & 	        1.01	 & 	        0.90	 & 	        0.44	 & 	        0.80	 & 	       96.87 \\ 
$log_D     $	 & 	        0.02	 & 	        0.03	 & 	        0.01	 & 	        0.32	 & 	       99.61 \\ 
\end{longtable}
 \end{center}
% End of TeX file.
