% 20-Feb-2024 11:24:06, created by disp_th_moments.m 
 
\begin{center}
\begin{longtable}{lccccc} 
\caption{VARIANCE DECOMPOSITION (in percent)}\\
 \label{Table:th_var_decomp_uncond}\\
\toprule 
$           $	 & 	 $       {e_g}$	 & 	 $       {e_Z}$	 & 	 $    {e_{ZI}}$	 & 	 $       {e_N}$	 & 	 $       {e_D}$\\
\midrule \endfirsthead 
\caption{(continued)}\\
 \toprule \\ 
$           $	 & 	 $       {e_g}$	 & 	 $       {e_Z}$	 & 	 $    {e_{ZI}}$	 & 	 $       {e_N}$	 & 	 $       {e_D}$\\
\midrule \endhead 
\midrule \multicolumn{6}{r}{(Continued on next page)} \\ \bottomrule \endfoot 
\bottomrule \endlastfoot 
$Y\_obs     $	 & 	       10.13	 & 	        1.54	 & 	        0.92	 & 	       11.01	 & 	       76.40 \\ 
$Y\_N\_obs  $	 & 	       59.92	 & 	        0.48	 & 	        0.87	 & 	       37.25	 & 	        1.49 \\ 
$SR\_obs    $	 & 	       12.77	 & 	        3.01	 & 	        2.79	 & 	        5.97	 & 	       75.46 \\ 
$I\_obs     $	 & 	        3.99	 & 	        3.88	 & 	        4.99	 & 	       17.56	 & 	       69.57 \\ 
$p\_I\_obs  $	 & 	        0.25	 & 	       16.73	 & 	       54.45	 & 	        8.05	 & 	       20.53 \\ 
$C\_obs     $	 & 	       14.11	 & 	        8.84	 & 	        0.01	 & 	        6.31	 & 	       70.74 \\ 
$NC\_obs    $	 & 	        1.31	 & 	        6.10	 & 	        0.00	 & 	       38.19	 & 	       54.40 \\ 
$NI\_obs    $	 & 	        0.02	 & 	        3.37	 & 	        1.41	 & 	       31.53	 & 	       63.66 \\ 
$util\_obs  $	 & 	        1.00	 & 	        1.02	 & 	        0.45	 & 	        0.85	 & 	       96.68 \\ 
$D\_obs     $	 & 	        0.02	 & 	        0.03	 & 	        0.01	 & 	        0.33	 & 	       99.60 \\ 
$log\_Y     $	 & 	        0.18	 & 	       85.79	 & 	        0.06	 & 	        0.27	 & 	       13.70 \\ 
$log\_Y\_N  $	 & 	        0.05	 & 	       96.65	 & 	        0.09	 & 	        1.69	 & 	        1.52 \\ 
$log\_SR    $	 & 	        6.54	 & 	       48.40	 & 	        0.56	 & 	        1.69	 & 	       42.80 \\ 
$log\_I     $	 & 	        0.01	 & 	       86.58	 & 	        0.29	 & 	        0.61	 & 	       12.51 \\ 
$log\_p\_I  $	 & 	        0.00	 & 	       99.84	 & 	        0.14	 & 	        0.00	 & 	        0.02 \\ 
$log\_C     $	 & 	        0.44	 & 	       84.31	 & 	        0.03	 & 	        0.19	 & 	       15.03 \\ 
$log\_N     $	 & 	        0.25	 & 	       76.12	 & 	        0.04	 & 	        1.66	 & 	       21.93 \\ 
$log\_NC    $	 & 	        0.44	 & 	       82.23	 & 	        0.03	 & 	        1.04	 & 	       16.26 \\ 
$log\_NI    $	 & 	        0.09	 & 	       38.29	 & 	        0.40	 & 	        5.41	 & 	       55.82 \\ 
$log\_util  $	 & 	        2.39	 & 	       25.74	 & 	        0.21	 & 	        0.38	 & 	       71.28 \\ 
$log\_D     $	 & 	        0.04	 & 	       12.73	 & 	        0.01	 & 	        0.06	 & 	       87.16 \\ 
\end{longtable}
 \end{center}
% End of TeX file.
