% 15-Feb-2024 12:50:58, created by display_conditional_variance_decomposition.m 
 
\begin{center}
\begin{longtable}{lccccc} 
\caption{CONDITIONAL VARIANCE DECOMPOSITION (in percent); Period 40}\\
 \label{Table:th_var_decomp_cond_h40}\\
\toprule 
$          $	 & 	 $       {e_g}$	 & 	 $       {e_Z}$	 & 	 $    {e_{ZI}}$	 & 	 $       {e_N}$	 & 	 $       {e_D}$\\
\midrule \endfirsthead 
\caption{(continued)}\\
 \toprule \\ 
$          $	 & 	 $       {e_g}$	 & 	 $       {e_Z}$	 & 	 $    {e_{ZI}}$	 & 	 $       {e_N}$	 & 	 $       {e_D}$\\
\midrule \endhead 
\midrule \multicolumn{6}{r}{(Continued on next page)} \\ \bottomrule \endfoot 
\bottomrule \endlastfoot 
$Y_obs     $	 & 	        1.06	 & 	        1.65	 & 	        1.66	 & 	       30.40	 & 	       65.23 \\ 
$Y_N_obs   $	 & 	       39.94	 & 	        0.20	 & 	        0.62	 & 	       58.64	 & 	        0.59 \\ 
$I_obs     $	 & 	        0.25	 & 	        3.07	 & 	        6.86	 & 	       30.14	 & 	       59.68 \\ 
$p_I_obs   $	 & 	        0.00	 & 	       12.13	 & 	       37.12	 & 	       15.46	 & 	       35.29 \\ 
$C_obs     $	 & 	        1.87	 & 	        7.51	 & 	        0.34	 & 	       27.43	 & 	       62.85 \\ 
$NC_obs    $	 & 	        6.97	 & 	        3.54	 & 	        0.16	 & 	       59.65	 & 	       29.68 \\ 
$NI_obs    $	 & 	        1.40	 & 	        1.89	 & 	        1.63	 & 	       46.60	 & 	       48.48 \\ 
$util_obs  $	 & 	        2.71	 & 	        0.74	 & 	        0.67	 & 	       15.33	 & 	       80.54 \\ 
$D_obs     $	 & 	        3.71	 & 	        0.61	 & 	        0.32	 & 	       14.04	 & 	       81.33 \\ 
$log_Y     $	 & 	       29.02	 & 	       27.58	 & 	        6.02	 & 	        4.26	 & 	       33.13 \\ 
$log_Y_N   $	 & 	        0.00	 & 	       38.35	 & 	        7.66	 & 	       53.49	 & 	        0.49 \\ 
$log_I     $	 & 	        6.23	 & 	       39.43	 & 	       13.63	 & 	        5.57	 & 	       35.15 \\ 
$log_p_I   $	 & 	        0.01	 & 	       82.30	 & 	       16.44	 & 	        0.19	 & 	        1.06 \\ 
$log_C     $	 & 	       44.49	 & 	       20.72	 & 	        3.10	 & 	        3.19	 & 	       28.50 \\ 
$log_N     $	 & 	       31.28	 & 	       16.68	 & 	        4.00	 & 	       13.77	 & 	       34.27 \\ 
$log_NC    $	 & 	       40.56	 & 	       18.90	 & 	        2.82	 & 	       11.74	 & 	       25.98 \\ 
$log_NI    $	 & 	       10.36	 & 	       14.54	 & 	        7.79	 & 	       15.73	 & 	       51.58 \\ 
$log_util  $	 & 	       16.70	 & 	       19.92	 & 	        3.66	 & 	        3.55	 & 	       56.17 \\ 
$log_D     $	 & 	       23.07	 & 	       12.30	 & 	        2.95	 & 	        3.32	 & 	       58.35 \\ 
\end{longtable}
 \end{center}
% End of TeX file.
