% 19-Feb-2024 18:06:37, created by display_conditional_variance_decomposition.m 
 
\begin{center}
\begin{longtable}{lccccc} 
\caption{CONDITIONAL VARIANCE DECOMPOSITION (in percent); Period 40}\\
 \label{Table:th_var_decomp_cond_h40}\\
\toprule 
$          $	 & 	 $       {e_g}$	 & 	 $       {e_Z}$	 & 	 $    {e_{ZI}}$	 & 	 $       {e_N}$	 & 	 $       {e_D}$\\
\midrule \endfirsthead 
\caption{(continued)}\\
 \toprule \\ 
$          $	 & 	 $       {e_g}$	 & 	 $       {e_Z}$	 & 	 $    {e_{ZI}}$	 & 	 $       {e_N}$	 & 	 $       {e_D}$\\
\midrule \endhead 
\midrule \multicolumn{6}{r}{(Continued on next page)} \\ \bottomrule \endfoot 
\bottomrule \endlastfoot 
$Y_obs     $	 & 	        0.70	 & 	       32.31	 & 	       22.04	 & 	        1.63	 & 	       43.32 \\ 
$Y_N_obs   $	 & 	       17.68	 & 	        4.24	 & 	       59.93	 & 	       16.49	 & 	        1.66 \\ 
$I_obs     $	 & 	        0.06	 & 	       17.24	 & 	       66.10	 & 	        0.13	 & 	       16.48 \\ 
$p_I_obs   $	 & 	        0.01	 & 	       19.73	 & 	       67.85	 & 	        0.00	 & 	       12.41 \\ 
$C_obs     $	 & 	        1.96	 & 	       32.28	 & 	        8.54	 & 	        4.08	 & 	       53.14 \\ 
$NC_obs    $	 & 	        0.56	 & 	       23.09	 & 	        8.62	 & 	       17.89	 & 	       49.85 \\ 
$NI_obs    $	 & 	        0.07	 & 	       30.67	 & 	       37.77	 & 	        0.77	 & 	       30.71 \\ 
$util_obs  $	 & 	        0.01	 & 	        1.53	 & 	        4.24	 & 	        0.12	 & 	       94.11 \\ 
$D_obs     $	 & 	        0.01	 & 	        0.92	 & 	        0.22	 & 	        0.04	 & 	       98.82 \\ 
$log_Y     $	 & 	        1.28	 & 	       16.19	 & 	        2.00	 & 	        7.91	 & 	       72.62 \\ 
$log_Y_N   $	 & 	        0.45	 & 	        5.57	 & 	        7.02	 & 	       80.16	 & 	        6.81 \\ 
$log_I     $	 & 	        0.06	 & 	       24.32	 & 	       13.27	 & 	        1.39	 & 	       60.97 \\ 
$log_p_I   $	 & 	        0.02	 & 	       12.43	 & 	       75.19	 & 	        0.00	 & 	       12.36 \\ 
$log_C     $	 & 	        3.18	 & 	        9.93	 & 	        0.97	 & 	       15.31	 & 	       70.60 \\ 
$log_N     $	 & 	        0.88	 & 	       11.36	 & 	        0.50	 & 	       27.26	 & 	       60.00 \\ 
$log_NC    $	 & 	        1.87	 & 	        5.36	 & 	        0.66	 & 	       44.59	 & 	       47.52 \\ 
$log_NI    $	 & 	        0.04	 & 	       23.06	 & 	        5.49	 & 	        5.87	 & 	       65.53 \\ 
$log_util  $	 & 	        0.02	 & 	        0.71	 & 	        0.33	 & 	        0.41	 & 	       98.52 \\ 
$log_D     $	 & 	        0.03	 & 	        0.33	 & 	        0.02	 & 	        0.16	 & 	       99.47 \\ 
\end{longtable}
 \end{center}
% End of TeX file.
