% 20-Feb-2024 11:24:06, created by display_conditional_variance_decomposition.m 
 
\begin{center}
\begin{longtable}{lccccc} 
\caption{CONDITIONAL VARIANCE DECOMPOSITION (in percent); Period 4}\\
 \label{Table:th_var_decomp_cond_h4}\\
\toprule 
$          $	 & 	 $       {e_g}$	 & 	 $       {e_Z}$	 & 	 $    {e_{ZI}}$	 & 	 $       {e_N}$	 & 	 $       {e_D}$\\
\midrule \endfirsthead 
\caption{(continued)}\\
 \toprule \\ 
$          $	 & 	 $       {e_g}$	 & 	 $       {e_Z}$	 & 	 $    {e_{ZI}}$	 & 	 $       {e_N}$	 & 	 $       {e_D}$\\
\midrule \endhead 
\midrule \multicolumn{6}{r}{(Continued on next page)} \\ \bottomrule \endfoot 
\bottomrule \endlastfoot 
$Y_obs     $	 & 	       10.20	 & 	        1.39	 & 	        0.92	 & 	       10.86	 & 	       76.63 \\ 
$Y_N_obs   $	 & 	       60.58	 & 	        0.33	 & 	        0.86	 & 	       36.72	 & 	        1.50 \\ 
$SR_obs    $	 & 	       13.07	 & 	        2.44	 & 	        2.76	 & 	        6.06	 & 	       75.66 \\ 
$I_obs     $	 & 	        4.08	 & 	        3.08	 & 	        4.99	 & 	       17.42	 & 	       70.43 \\ 
$p_I_obs   $	 & 	        0.28	 & 	        7.78	 & 	       59.94	 & 	        9.00	 & 	       23.01 \\ 
$C_obs     $	 & 	       14.15	 & 	        8.83	 & 	        0.00	 & 	        6.24	 & 	       70.78 \\ 
$NC_obs    $	 & 	        1.32	 & 	        6.13	 & 	        0.00	 & 	       37.76	 & 	       54.78 \\ 
$NI_obs    $	 & 	        0.02	 & 	        3.18	 & 	        1.41	 & 	       31.21	 & 	       64.18 \\ 
$util_obs  $	 & 	        1.01	 & 	        0.92	 & 	        0.44	 & 	        0.82	 & 	       96.81 \\ 
$D_obs     $	 & 	        0.02	 & 	        0.03	 & 	        0.01	 & 	        0.33	 & 	       99.61 \\ 
$log_Y     $	 & 	        0.87	 & 	        2.06	 & 	        0.96	 & 	        9.94	 & 	       86.17 \\ 
$log_Y_N   $	 & 	        0.29	 & 	        1.53	 & 	        2.63	 & 	       89.59	 & 	        5.96 \\ 
$log_SR    $	 & 	        5.83	 & 	        4.15	 & 	        2.64	 & 	        5.61	 & 	       81.78 \\ 
$log_I     $	 & 	        0.03	 & 	        2.00	 & 	        4.90	 & 	       15.56	 & 	       77.52 \\ 
$log_p_I   $	 & 	        0.15	 & 	       14.13	 & 	       72.76	 & 	        3.30	 & 	        9.66 \\ 
$log_C     $	 & 	        2.64	 & 	       10.76	 & 	        0.00	 & 	        5.72	 & 	       80.88 \\ 
$log_N     $	 & 	        0.54	 & 	        1.04	 & 	        0.22	 & 	       32.00	 & 	       66.20 \\ 
$log_NC    $	 & 	        1.68	 & 	        6.98	 & 	        0.00	 & 	       32.57	 & 	       58.77 \\ 
$log_NI    $	 & 	        0.04	 & 	        2.64	 & 	        1.36	 & 	       26.89	 & 	       69.07 \\ 
$log_util  $	 & 	        1.08	 & 	        1.17	 & 	        0.40	 & 	        0.68	 & 	       96.67 \\ 
$log_D     $	 & 	        0.02	 & 	        0.04	 & 	        0.01	 & 	        0.27	 & 	       99.66 \\ 
\end{longtable}
 \end{center}
% End of TeX file.
