% 19-Feb-2024 18:06:37, created by display_conditional_variance_decomposition.m 
 
\begin{center}
\begin{longtable}{lccccc} 
\caption{CONDITIONAL VARIANCE DECOMPOSITION (in percent); Period 4}\\
 \label{Table:th_var_decomp_cond_h4}\\
\toprule 
$          $	 & 	 $       {e_g}$	 & 	 $       {e_Z}$	 & 	 $    {e_{ZI}}$	 & 	 $       {e_N}$	 & 	 $       {e_D}$\\
\midrule \endfirsthead 
\caption{(continued)}\\
 \toprule \\ 
$          $	 & 	 $       {e_g}$	 & 	 $       {e_Z}$	 & 	 $    {e_{ZI}}$	 & 	 $       {e_N}$	 & 	 $       {e_D}$\\
\midrule \endhead 
\midrule \multicolumn{6}{r}{(Continued on next page)} \\ \bottomrule \endfoot 
\bottomrule \endlastfoot 
$Y_obs     $	 & 	        0.71	 & 	       31.90	 & 	       22.27	 & 	        1.64	 & 	       43.48 \\ 
$Y_N_obs   $	 & 	       17.74	 & 	        3.98	 & 	       60.07	 & 	       16.54	 & 	        1.67 \\ 
$I_obs     $	 & 	        0.06	 & 	       16.50	 & 	       66.93	 & 	        0.13	 & 	       16.38 \\ 
$p_I_obs   $	 & 	        0.01	 & 	       19.74	 & 	       67.84	 & 	        0.00	 & 	       12.42 \\ 
$C_obs     $	 & 	        1.96	 & 	       32.26	 & 	        8.53	 & 	        4.09	 & 	       53.16 \\ 
$NC_obs    $	 & 	        0.56	 & 	       23.09	 & 	        8.61	 & 	       17.91	 & 	       49.83 \\ 
$NI_obs    $	 & 	        0.07	 & 	       30.07	 & 	       38.34	 & 	        0.78	 & 	       30.73 \\ 
$util_obs  $	 & 	        0.01	 & 	        1.46	 & 	        4.31	 & 	        0.12	 & 	       94.10 \\ 
$D_obs     $	 & 	        0.01	 & 	        0.92	 & 	        0.22	 & 	        0.04	 & 	       98.82 \\ 
$log_Y     $	 & 	        0.61	 & 	       33.33	 & 	        6.82	 & 	        2.50	 & 	       56.74 \\ 
$log_Y_N   $	 & 	        0.29	 & 	       13.49	 & 	       37.62	 & 	       45.44	 & 	        3.16 \\ 
$log_I     $	 & 	        0.04	 & 	       34.19	 & 	       28.73	 & 	        0.28	 & 	       36.76 \\ 
$log_p_I   $	 & 	        0.01	 & 	       11.74	 & 	       77.99	 & 	        0.00	 & 	       10.26 \\ 
$log_C     $	 & 	        2.17	 & 	       21.63	 & 	        3.37	 & 	        7.49	 & 	       65.34 \\ 
$log_N     $	 & 	        0.48	 & 	       28.44	 & 	        1.67	 & 	       11.02	 & 	       58.39 \\ 
$log_NC    $	 & 	        1.48	 & 	       12.78	 & 	        2.93	 & 	       28.37	 & 	       54.45 \\ 
$log_NI    $	 & 	        0.04	 & 	       38.28	 & 	       13.17	 & 	        1.39	 & 	       47.12 \\ 
$log_util  $	 & 	        0.01	 & 	        1.56	 & 	        1.01	 & 	        0.14	 & 	       97.28 \\ 
$log_D     $	 & 	        0.01	 & 	        0.62	 & 	        0.05	 & 	        0.04	 & 	       99.28 \\ 
\end{longtable}
 \end{center}
% End of TeX file.
