% 14-Feb-2024 12:52:28, created by disp_th_moments.m 
 
\begin{center}
\begin{longtable}{lcccccccccccccc} 
\caption{MATRIX OF CORRELATIONS}\\
 \label{Table:th_corr_matrix}\\
\toprule 
$Variables  $	 & 	 $      Y\_obs$	 & 	 $  Y\_N\_obs$	 & 	 $      I\_obs$	 & 	 $  p\_I\_obs$	 & 	 $      C\_obs$	 & 	 $   util\_obs$	 & 	 $      D\_obs$	 & 	 $      log\_Y$	 & 	 $  log\_Y\_N$	 & 	 $      log\_I$	 & 	 $  log\_p\_I$	 & 	 $      log\_C$	 & 	 $   log\_util$	 & 	 $      log\_D$\\
\midrule \endfirsthead 
\caption{(continued)}\\
 \toprule \\ 
$Variables  $	 & 	 $      Y\_obs$	 & 	 $  Y\_N\_obs$	 & 	 $      I\_obs$	 & 	 $  p\_I\_obs$	 & 	 $      C\_obs$	 & 	 $   util\_obs$	 & 	 $      D\_obs$	 & 	 $      log\_Y$	 & 	 $  log\_Y\_N$	 & 	 $      log\_I$	 & 	 $  log\_p\_I$	 & 	 $      log\_C$	 & 	 $   log\_util$	 & 	 $      log\_D$\\
\midrule \endhead 
\midrule \multicolumn{15}{r}{(Continued on next page)} \\ \bottomrule \endfoot 
\bottomrule \endlastfoot 
$Y\_obs     $	 & 	       1.0000	 & 	       0.8733	 & 	       0.2056	 & 	      -0.5114	 & 	       0.6844	 & 	       0.5770	 & 	       0.5770	 & 	       0.0158	 & 	       0.0345	 & 	       0.1402	 & 	      -0.1303	 & 	      -0.1512	 & 	      -0.0293	 & 	      -0.0293 \\ 
$Y\_N\_obs  $	 & 	       0.8733	 & 	       1.0000	 & 	       0.2869	 & 	      -0.5270	 & 	       0.5177	 & 	       0.3251	 & 	       0.3251	 & 	      -0.0099	 & 	       0.0120	 & 	       0.1056	 & 	      -0.0976	 & 	      -0.1511	 & 	      -0.0510	 & 	      -0.0510 \\ 
$I\_obs     $	 & 	       0.2056	 & 	       0.2869	 & 	       1.0000	 & 	      -0.8207	 & 	      -0.5729	 & 	      -0.1062	 & 	      -0.1062	 & 	      -0.1113	 & 	      -0.0921	 & 	       0.0320	 & 	      -0.0127	 & 	      -0.2304	 & 	      -0.1524	 & 	      -0.1524 \\ 
$p\_I\_obs  $	 & 	      -0.5114	 & 	      -0.5270	 & 	      -0.8207	 & 	       1.0000	 & 	       0.1831	 & 	      -0.2268	 & 	      -0.2268	 & 	       0.1056	 & 	       0.0831	 & 	      -0.0381	 & 	       0.0267	 & 	       0.2285	 & 	       0.1512	 & 	       0.1512 \\ 
$C\_obs     $	 & 	       0.6844	 & 	       0.5177	 & 	      -0.5729	 & 	       0.1831	 & 	       1.0000	 & 	       0.5624	 & 	       0.5624	 & 	       0.0962	 & 	       0.0975	 & 	       0.0935	 & 	      -0.0997	 & 	       0.0450	 & 	       0.0890	 & 	       0.0890 \\ 
$util\_obs  $	 & 	       0.5770	 & 	       0.3251	 & 	      -0.1062	 & 	      -0.2268	 & 	       0.5624	 & 	       1.0000	 & 	       1.0000	 & 	       0.0521	 & 	       0.0627	 & 	       0.1239	 & 	      -0.1185	 & 	      -0.0686	 & 	       0.0380	 & 	       0.0380 \\ 
$D\_obs     $	 & 	       0.5770	 & 	       0.3251	 & 	      -0.1062	 & 	      -0.2268	 & 	       0.5624	 & 	       1.0000	 & 	       1.0000	 & 	       0.0521	 & 	       0.0627	 & 	       0.1239	 & 	      -0.1185	 & 	      -0.0686	 & 	       0.0380	 & 	       0.0380 \\ 
$log\_Y     $	 & 	       0.0158	 & 	      -0.0099	 & 	      -0.1113	 & 	       0.1056	 & 	       0.0962	 & 	       0.0521	 & 	       0.0521	 & 	       1.0000	 & 	       0.9963	 & 	       0.8126	 & 	      -0.8920	 & 	       0.6716	 & 	       0.9780	 & 	       0.9780 \\ 
$log\_Y\_N  $	 & 	       0.0345	 & 	       0.0120	 & 	      -0.0921	 & 	       0.0831	 & 	       0.0975	 & 	       0.0627	 & 	       0.0627	 & 	       0.9963	 & 	       1.0000	 & 	       0.8568	 & 	      -0.9257	 & 	       0.6092	 & 	       0.9596	 & 	       0.9596 \\ 
$log\_I     $	 & 	       0.1402	 & 	       0.1056	 & 	       0.0320	 & 	      -0.0381	 & 	       0.0935	 & 	       0.1239	 & 	       0.1239	 & 	       0.8126	 & 	       0.8568	 & 	       1.0000	 & 	      -0.9876	 & 	       0.1139	 & 	       0.6906	 & 	       0.6906 \\ 
$log\_p\_I  $	 & 	      -0.1303	 & 	      -0.0976	 & 	      -0.0127	 & 	       0.0267	 & 	      -0.0997	 & 	      -0.1185	 & 	      -0.1185	 & 	      -0.8920	 & 	      -0.9257	 & 	      -0.9876	 & 	       1.0000	 & 	      -0.2651	 & 	      -0.7908	 & 	      -0.7908 \\ 
$log\_C     $	 & 	      -0.1512	 & 	      -0.1511	 & 	      -0.2304	 & 	       0.2285	 & 	       0.0450	 & 	      -0.0686	 & 	      -0.0686	 & 	       0.6716	 & 	       0.6092	 & 	       0.1139	 & 	      -0.2651	 & 	       1.0000	 & 	       0.7892	 & 	       0.7892 \\ 
$log\_util  $	 & 	      -0.0293	 & 	      -0.0510	 & 	      -0.1524	 & 	       0.1512	 & 	       0.0890	 & 	       0.0380	 & 	       0.0380	 & 	       0.9780	 & 	       0.9596	 & 	       0.6906	 & 	      -0.7908	 & 	       0.7892	 & 	       1.0000	 & 	       1.0000 \\ 
$log\_D     $	 & 	      -0.0293	 & 	      -0.0510	 & 	      -0.1524	 & 	       0.1512	 & 	       0.0890	 & 	       0.0380	 & 	       0.0380	 & 	       0.9780	 & 	       0.9596	 & 	       0.6906	 & 	      -0.7908	 & 	       0.7892	 & 	       1.0000	 & 	       1.0000 \\ 
\end{longtable}
 \end{center}
% End of TeX file.
