% 15-Feb-2024 12:50:58, created by disp_th_moments.m 
 
\begin{center}
\begin{longtable}{lccccccccccccccccccc} 
\caption{MATRIX OF CORRELATIONS}\\
 \label{Table:th_corr_matrix}\\
\toprule 
$Variables  $	 & 	 $      Y\_obs$	 & 	 $  Y\_N\_obs$	 & 	 $      I\_obs$	 & 	 $  p\_I\_obs$	 & 	 $      C\_obs$	 & 	 $     NC\_obs$	 & 	 $     NI\_obs$	 & 	 $   util\_obs$	 & 	 $      D\_obs$	 & 	 $      log\_Y$	 & 	 $  log\_Y\_N$	 & 	 $      log\_I$	 & 	 $  log\_p\_I$	 & 	 $      log\_C$	 & 	 $      log\_N$	 & 	 $     log\_NC$	 & 	 $     log\_NI$	 & 	 $   log\_util$	 & 	 $      log\_D$\\
\midrule \endfirsthead 
\caption{(continued)}\\
 \toprule \\ 
$Variables  $	 & 	 $      Y\_obs$	 & 	 $  Y\_N\_obs$	 & 	 $      I\_obs$	 & 	 $  p\_I\_obs$	 & 	 $      C\_obs$	 & 	 $     NC\_obs$	 & 	 $     NI\_obs$	 & 	 $   util\_obs$	 & 	 $      D\_obs$	 & 	 $      log\_Y$	 & 	 $  log\_Y\_N$	 & 	 $      log\_I$	 & 	 $  log\_p\_I$	 & 	 $      log\_C$	 & 	 $      log\_N$	 & 	 $     log\_NC$	 & 	 $     log\_NI$	 & 	 $   log\_util$	 & 	 $      log\_D$\\
\midrule \endhead 
\midrule \multicolumn{20}{r}{(Continued on next page)} \\ \bottomrule \endfoot 
\bottomrule \endlastfoot 
$Y\_obs     $	 & 	       1.0000	 & 	      -0.3754	 & 	       0.9409	 & 	       0.2850	 & 	       0.9711	 & 	       0.8606	 & 	       0.9312	 & 	       0.9445	 & 	       0.9316	 & 	       0.0169	 & 	      -0.0276	 & 	       0.0546	 & 	      -0.0594	 & 	       0.0039	 & 	       0.0196	 & 	       0.0098	 & 	       0.0547	 & 	       0.0366	 & 	       0.0252 \\ 
$Y\_N\_obs  $	 & 	      -0.3754	 & 	       1.0000	 & 	      -0.3824	 & 	      -0.2954	 & 	      -0.3441	 & 	      -0.7789	 & 	      -0.6106	 & 	      -0.4300	 & 	      -0.4383	 & 	      -0.0268	 & 	       0.1196	 & 	      -0.0266	 & 	      -0.0144	 & 	      -0.0265	 & 	      -0.0365	 & 	      -0.0342	 & 	      -0.0442	 & 	      -0.0281	 & 	      -0.0283 \\ 
$I\_obs     $	 & 	       0.9409	 & 	      -0.3824	 & 	       1.0000	 & 	       0.0762	 & 	       0.8330	 & 	       0.7845	 & 	       0.9564	 & 	       0.9027	 & 	       0.8840	 & 	       0.0042	 & 	      -0.0651	 & 	       0.0351	 & 	      -0.0264	 & 	      -0.0064	 & 	       0.0090	 & 	       0.0001	 & 	       0.0411	 & 	       0.0237	 & 	       0.0140 \\ 
$p\_I\_obs  $	 & 	       0.2850	 & 	      -0.2954	 & 	       0.0762	 & 	       1.0000	 & 	       0.4120	 & 	       0.3772	 & 	       0.2665	 & 	       0.3034	 & 	       0.3356	 & 	       0.0584	 & 	      -0.0170	 & 	       0.0400	 & 	       0.0283	 & 	       0.0638	 & 	       0.0620	 & 	       0.0630	 & 	       0.0573	 & 	       0.0517	 & 	       0.0594 \\ 
$C\_obs     $	 & 	       0.9711	 & 	      -0.3441	 & 	       0.8330	 & 	       0.4120	 & 	       1.0000	 & 	       0.8536	 & 	       0.8478	 & 	       0.9074	 & 	       0.8995	 & 	       0.0248	 & 	       0.0009	 & 	       0.0645	 & 	      -0.0785	 & 	       0.0109	 & 	       0.0257	 & 	       0.0160	 & 	       0.0605	 & 	       0.0431	 & 	       0.0313 \\ 
$NC\_obs    $	 & 	       0.8606	 & 	      -0.7789	 & 	       0.7845	 & 	       0.3772	 & 	       0.8536	 & 	       1.0000	 & 	       0.9093	 & 	       0.8460	 & 	       0.8429	 & 	       0.0279	 & 	      -0.0655	 & 	       0.0566	 & 	      -0.0481	 & 	       0.0177	 & 	       0.0337	 & 	       0.0257	 & 	       0.0624	 & 	       0.0418	 & 	       0.0332 \\ 
$NI\_obs    $	 & 	       0.9312	 & 	      -0.6106	 & 	       0.9564	 & 	       0.2665	 & 	       0.8478	 & 	       0.9093	 & 	       1.0000	 & 	       0.9144	 & 	       0.9047	 & 	       0.0177	 & 	      -0.0872	 & 	       0.0416	 & 	      -0.0153	 & 	       0.0093	 & 	       0.0246	 & 	       0.0166	 & 	       0.0533	 & 	       0.0338	 & 	       0.0266 \\ 
$util\_obs  $	 & 	       0.9445	 & 	      -0.4300	 & 	       0.9027	 & 	       0.3034	 & 	       0.9074	 & 	       0.8460	 & 	       0.9144	 & 	       1.0000	 & 	       0.9986	 & 	       0.0194	 & 	      -0.0372	 & 	       0.0429	 & 	      -0.0213	 & 	       0.0112	 & 	       0.0229	 & 	       0.0153	 & 	       0.0502	 & 	       0.0381	 & 	       0.0305 \\ 
$D\_obs     $	 & 	       0.9316	 & 	      -0.4383	 & 	       0.8840	 & 	       0.3356	 & 	       0.8995	 & 	       0.8429	 & 	       0.9047	 & 	       0.9986	 & 	       1.0000	 & 	       0.0238	 & 	      -0.0261	 & 	       0.0494	 & 	      -0.0297	 & 	       0.0147	 & 	       0.0266	 & 	       0.0186	 & 	       0.0554	 & 	       0.0424	 & 	       0.0345 \\ 
$log\_Y     $	 & 	       0.0169	 & 	      -0.0268	 & 	       0.0042	 & 	       0.0584	 & 	       0.0248	 & 	       0.0279	 & 	       0.0177	 & 	       0.0194	 & 	       0.0238	 & 	       1.0000	 & 	       0.5945	 & 	       0.9641	 & 	      -0.6642	 & 	       0.9959	 & 	       0.9983	 & 	       0.9958	 & 	       0.9880	 & 	       0.9972	 & 	       0.9971 \\ 
$log\_Y\_N  $	 & 	      -0.0276	 & 	       0.1196	 & 	      -0.0651	 & 	      -0.0170	 & 	       0.0009	 & 	      -0.0655	 & 	      -0.0872	 & 	      -0.0372	 & 	      -0.0261	 & 	       0.5945	 & 	       1.0000	 & 	       0.7301	 & 	      -0.9140	 & 	       0.5389	 & 	       0.5473	 & 	       0.5265	 & 	       0.6123	 & 	       0.5974	 & 	       0.5574 \\ 
$log\_I     $	 & 	       0.0546	 & 	      -0.0266	 & 	       0.0351	 & 	       0.0400	 & 	       0.0645	 & 	       0.0566	 & 	       0.0416	 & 	       0.0429	 & 	       0.0494	 & 	       0.9641	 & 	       0.7301	 & 	       1.0000	 & 	      -0.8247	 & 	       0.9362	 & 	       0.9512	 & 	       0.9370	 & 	       0.9845	 & 	       0.9696	 & 	       0.9530 \\ 
$log\_p\_I  $	 & 	      -0.0594	 & 	      -0.0144	 & 	      -0.0264	 & 	       0.0283	 & 	      -0.0785	 & 	      -0.0481	 & 	      -0.0153	 & 	      -0.0213	 & 	      -0.0297	 & 	      -0.6642	 & 	      -0.9140	 & 	      -0.8247	 & 	       1.0000	 & 	      -0.5990	 & 	      -0.6259	 & 	      -0.5984	 & 	      -0.7138	 & 	      -0.6703	 & 	      -0.6240 \\ 
$log\_C     $	 & 	       0.0039	 & 	      -0.0265	 & 	      -0.0064	 & 	       0.0638	 & 	       0.0109	 & 	       0.0177	 & 	       0.0093	 & 	       0.0112	 & 	       0.0147	 & 	       0.9959	 & 	       0.5389	 & 	       0.9362	 & 	      -0.5990	 & 	       1.0000	 & 	       0.9981	 & 	       0.9996	 & 	       0.9732	 & 	       0.9903	 & 	       0.9959 \\ 
$log\_N     $	 & 	       0.0196	 & 	      -0.0365	 & 	       0.0090	 & 	       0.0620	 & 	       0.0257	 & 	       0.0337	 & 	       0.0246	 & 	       0.0229	 & 	       0.0266	 & 	       0.9983	 & 	       0.5473	 & 	       0.9512	 & 	      -0.6259	 & 	       0.9981	 & 	       1.0000	 & 	       0.9988	 & 	       0.9846	 & 	       0.9952	 & 	       0.9980 \\ 
$log\_NC    $	 & 	       0.0098	 & 	      -0.0342	 & 	       0.0001	 & 	       0.0630	 & 	       0.0160	 & 	       0.0257	 & 	       0.0166	 & 	       0.0153	 & 	       0.0186	 & 	       0.9958	 & 	       0.5265	 & 	       0.9370	 & 	      -0.5984	 & 	       0.9996	 & 	       0.9988	 & 	       1.0000	 & 	       0.9751	 & 	       0.9904	 & 	       0.9958 \\ 
$log\_NI    $	 & 	       0.0547	 & 	      -0.0442	 & 	       0.0411	 & 	       0.0573	 & 	       0.0605	 & 	       0.0624	 & 	       0.0533	 & 	       0.0502	 & 	       0.0554	 & 	       0.9880	 & 	       0.6123	 & 	       0.9845	 & 	      -0.7138	 & 	       0.9732	 & 	       0.9846	 & 	       0.9751	 & 	       1.0000	 & 	       0.9932	 & 	       0.9865 \\ 
$log\_util  $	 & 	       0.0366	 & 	      -0.0281	 & 	       0.0237	 & 	       0.0517	 & 	       0.0431	 & 	       0.0418	 & 	       0.0338	 & 	       0.0381	 & 	       0.0424	 & 	       0.9972	 & 	       0.5974	 & 	       0.9696	 & 	      -0.6703	 & 	       0.9903	 & 	       0.9952	 & 	       0.9904	 & 	       0.9932	 & 	       1.0000	 & 	       0.9979 \\ 
$log\_D     $	 & 	       0.0252	 & 	      -0.0283	 & 	       0.0140	 & 	       0.0594	 & 	       0.0313	 & 	       0.0332	 & 	       0.0266	 & 	       0.0305	 & 	       0.0345	 & 	       0.9971	 & 	       0.5574	 & 	       0.9530	 & 	      -0.6240	 & 	       0.9959	 & 	       0.9980	 & 	       0.9958	 & 	       0.9865	 & 	       0.9979	 & 	       1.0000 \\ 
\end{longtable}
 \end{center}
% End of TeX file.
