% 15-Feb-2024 12:50:58, created by display_conditional_variance_decomposition.m 
 
\begin{center}
\begin{longtable}{lccccc} 
\caption{CONDITIONAL VARIANCE DECOMPOSITION (in percent); Period 8}\\
 \label{Table:th_var_decomp_cond_h8}\\
\toprule 
$          $	 & 	 $       {e_g}$	 & 	 $       {e_Z}$	 & 	 $    {e_{ZI}}$	 & 	 $       {e_N}$	 & 	 $       {e_D}$\\
\midrule \endfirsthead 
\caption{(continued)}\\
 \toprule \\ 
$          $	 & 	 $       {e_g}$	 & 	 $       {e_Z}$	 & 	 $    {e_{ZI}}$	 & 	 $       {e_N}$	 & 	 $       {e_D}$\\
\midrule \endhead 
\midrule \multicolumn{6}{r}{(Continued on next page)} \\ \bottomrule \endfoot 
\bottomrule \endlastfoot 
$Y_obs     $	 & 	        1.06	 & 	        1.31	 & 	        1.66	 & 	       30.59	 & 	       65.38 \\ 
$Y_N_obs   $	 & 	       40.01	 & 	        0.12	 & 	        0.62	 & 	       58.65	 & 	        0.59 \\ 
$I_obs     $	 & 	        0.25	 & 	        2.08	 & 	        6.96	 & 	       30.63	 & 	       60.07 \\ 
$p_I_obs   $	 & 	        0.00	 & 	        7.74	 & 	       38.77	 & 	       16.33	 & 	       37.15 \\ 
$C_obs     $	 & 	        1.86	 & 	        7.38	 & 	        0.26	 & 	       27.52	 & 	       62.97 \\ 
$NC_obs    $	 & 	        6.98	 & 	        3.48	 & 	        0.12	 & 	       59.72	 & 	       29.70 \\ 
$NI_obs    $	 & 	        1.41	 & 	        1.64	 & 	        1.65	 & 	       46.88	 & 	       48.42 \\ 
$util_obs  $	 & 	        2.73	 & 	        0.64	 & 	        0.68	 & 	       15.43	 & 	       80.53 \\ 
$D_obs     $	 & 	        3.73	 & 	        0.53	 & 	        0.31	 & 	       14.12	 & 	       81.32 \\ 
$log_Y     $	 & 	       21.33	 & 	        4.28	 & 	        2.49	 & 	       12.45	 & 	       59.45 \\ 
$log_Y_N   $	 & 	        0.00	 & 	        0.58	 & 	        5.33	 & 	       93.41	 & 	        0.69 \\ 
$log_I     $	 & 	        3.89	 & 	        1.09	 & 	       11.85	 & 	       15.04	 & 	       68.12 \\ 
$log_p_I   $	 & 	        0.02	 & 	        8.53	 & 	       78.96	 & 	        2.27	 & 	       10.22 \\ 
$log_C     $	 & 	       34.96	 & 	       13.54	 & 	        0.07	 & 	        8.62	 & 	       42.82 \\ 
$log_N     $	 & 	       17.29	 & 	        2.88	 & 	        0.65	 & 	       33.19	 & 	       45.99 \\ 
$log_NC    $	 & 	       25.96	 & 	       10.05	 & 	        0.05	 & 	       32.16	 & 	       31.79 \\ 
$log_NI    $	 & 	        4.10	 & 	        1.42	 & 	        3.49	 & 	       27.34	 & 	       63.64 \\ 
$log_util  $	 & 	        7.90	 & 	        2.44	 & 	        1.05	 & 	        6.97	 & 	       81.65 \\ 
$log_D     $	 & 	       10.81	 & 	        1.80	 & 	        0.41	 & 	        6.17	 & 	       80.81 \\ 
\end{longtable}
 \end{center}
% End of TeX file.
