% 01-Mar-2024 15:25:58, created by disp_th_moments.m 
 
\begin{center}
\begin{longtable}{lccccccccccccccccccccc} 
\caption{MATRIX OF CORRELATIONS}\\
 \label{Table:th_corr_matrix}\\
\toprule 
$Variables  $	 & 	 $      Y\_obs$	 & 	 $  Y\_N\_obs$	 & 	 $     SR\_obs$	 & 	 $      I\_obs$	 & 	 $  p\_I\_obs$	 & 	 $      C\_obs$	 & 	 $     NC\_obs$	 & 	 $     NI\_obs$	 & 	 $   util\_obs$	 & 	 $      D\_obs$	 & 	 $      log\_Y$	 & 	 $  log\_Y\_N$	 & 	 $     log\_SR$	 & 	 $      log\_I$	 & 	 $  log\_p\_I$	 & 	 $      log\_C$	 & 	 $      log\_N$	 & 	 $     log\_NC$	 & 	 $     log\_NI$	 & 	 $   log\_util$	 & 	 $      log\_D$\\
\midrule \endfirsthead 
\caption{(continued)}\\
 \toprule \\ 
$Variables  $	 & 	 $      Y\_obs$	 & 	 $  Y\_N\_obs$	 & 	 $     SR\_obs$	 & 	 $      I\_obs$	 & 	 $  p\_I\_obs$	 & 	 $      C\_obs$	 & 	 $     NC\_obs$	 & 	 $     NI\_obs$	 & 	 $   util\_obs$	 & 	 $      D\_obs$	 & 	 $      log\_Y$	 & 	 $  log\_Y\_N$	 & 	 $     log\_SR$	 & 	 $      log\_I$	 & 	 $  log\_p\_I$	 & 	 $      log\_C$	 & 	 $      log\_N$	 & 	 $     log\_NC$	 & 	 $     log\_NI$	 & 	 $   log\_util$	 & 	 $      log\_D$\\
\midrule \endhead 
\midrule \multicolumn{22}{r}{(Continued on next page)} \\ \bottomrule \endfoot 
\bottomrule \endlastfoot 
$Y\_obs     $	 & 	       1.0000	 & 	       0.1945	 & 	       0.6443	 & 	       0.9309	 & 	      -0.2638	 & 	       0.9322	 & 	       0.6735	 & 	       0.8106	 & 	       0.8467	 & 	       0.7426	 & 	       0.0238	 & 	      -0.0163	 & 	       0.0580	 & 	       0.0576	 & 	       0.0038	 & 	       0.0007	 & 	       0.0326	 & 	       0.0153	 & 	       0.0943	 & 	       0.1129	 & 	       0.1275 \\ 
$Y\_N\_obs  $	 & 	       0.1945	 & 	       1.0000	 & 	       0.8703	 & 	       0.0122	 & 	      -0.2135	 & 	       0.3486	 & 	      -0.5753	 & 	      -0.3508	 & 	       0.1252	 & 	      -0.0585	 & 	       0.0042	 & 	       0.0260	 & 	       0.0389	 & 	       0.0039	 & 	      -0.0026	 & 	       0.0041	 & 	      -0.0103	 & 	      -0.0105	 & 	      -0.0088	 & 	       0.0466	 & 	       0.0102 \\ 
$SR\_obs    $	 & 	       0.6443	 & 	       0.8703	 & 	       1.0000	 & 	       0.4729	 & 	      -0.2849	 & 	       0.7263	 & 	      -0.1162	 & 	       0.1340	 & 	       0.5171	 & 	       0.3310	 & 	      -0.0216	 & 	      -0.0003	 & 	       0.0208	 & 	      -0.0256	 & 	       0.0345	 & 	      -0.0175	 & 	      -0.0211	 & 	      -0.0221	 & 	      -0.0155	 & 	       0.0066	 & 	       0.0221 \\ 
$I\_obs     $	 & 	       0.9309	 & 	       0.0122	 & 	       0.4729	 & 	       1.0000	 & 	      -0.3259	 & 	       0.7354	 & 	       0.7087	 & 	       0.9127	 & 	       0.9127	 & 	       0.8604	 & 	       0.0090	 & 	      -0.0139	 & 	       0.0584	 & 	       0.0402	 & 	       0.0100	 & 	      -0.0114	 & 	       0.0167	 & 	       0.0019	 & 	       0.0703	 & 	       0.0809	 & 	       0.1060 \\ 
$p\_I\_obs  $	 & 	      -0.2638	 & 	      -0.2135	 & 	      -0.2849	 & 	      -0.3259	 & 	       1.0000	 & 	      -0.1662	 & 	      -0.1061	 & 	      -0.0506	 & 	      -0.3175	 & 	      -0.0407	 & 	      -0.0235	 & 	      -0.0123	 & 	      -0.1093	 & 	      -0.0506	 & 	       0.0180	 & 	      -0.0047	 & 	      -0.0164	 & 	      -0.0056	 & 	      -0.0550	 & 	      -0.1204	 & 	      -0.0275 \\ 
$C\_obs     $	 & 	       0.9322	 & 	       0.3486	 & 	       0.7263	 & 	       0.7354	 & 	      -0.1662	 & 	       1.0000	 & 	       0.5469	 & 	       0.5989	 & 	       0.6658	 & 	       0.5246	 & 	       0.0352	 & 	      -0.0164	 & 	       0.0498	 & 	       0.0671	 & 	      -0.0028	 & 	       0.0125	 & 	       0.0439	 & 	       0.0264	 & 	       0.1052	 & 	       0.1292	 & 	       0.1314 \\ 
$NC\_obs    $	 & 	       0.6735	 & 	      -0.5753	 & 	      -0.1162	 & 	       0.7087	 & 	      -0.1061	 & 	       0.5469	 & 	       1.0000	 & 	       0.8738	 & 	       0.5489	 & 	       0.5642	 & 	       0.0254	 & 	      -0.0343	 & 	       0.0246	 & 	       0.0563	 & 	      -0.0002	 & 	       0.0040	 & 	       0.0442	 & 	       0.0283	 & 	       0.0994	 & 	       0.0787	 & 	       0.1042 \\ 
$NI\_obs    $	 & 	       0.8106	 & 	      -0.3508	 & 	       0.1340	 & 	       0.9127	 & 	      -0.0506	 & 	       0.5989	 & 	       0.8738	 & 	       1.0000	 & 	       0.7894	 & 	       0.8478	 & 	       0.0048	 & 	      -0.0254	 & 	       0.0231	 & 	       0.0307	 & 	       0.0134	 & 	      -0.0120	 & 	       0.0189	 & 	       0.0061	 & 	       0.0648	 & 	       0.0446	 & 	       0.0986 \\ 
$util\_obs  $	 & 	       0.8467	 & 	       0.1252	 & 	       0.5171	 & 	       0.9127	 & 	      -0.3175	 & 	       0.6658	 & 	       0.5489	 & 	       0.7894	 & 	       1.0000	 & 	       0.8786	 & 	       0.0061	 & 	      -0.0151	 & 	       0.0403	 & 	       0.0310	 & 	       0.0178	 & 	      -0.0102	 & 	       0.0144	 & 	       0.0010	 & 	       0.0633	 & 	       0.0740	 & 	       0.1215 \\ 
$D\_obs     $	 & 	       0.7426	 & 	      -0.0585	 & 	       0.3310	 & 	       0.8604	 & 	      -0.0407	 & 	       0.5246	 & 	       0.5642	 & 	       0.8478	 & 	       0.8786	 & 	       1.0000	 & 	       0.0090	 & 	      -0.0094	 & 	       0.0201	 & 	       0.0302	 & 	       0.0032	 & 	      -0.0051	 & 	       0.0141	 & 	       0.0042	 & 	       0.0498	 & 	       0.0455	 & 	       0.1063 \\ 
$log\_Y     $	 & 	       0.0238	 & 	       0.0042	 & 	      -0.0216	 & 	       0.0090	 & 	      -0.0235	 & 	       0.0352	 & 	       0.0254	 & 	       0.0048	 & 	       0.0061	 & 	       0.0090	 & 	       1.0000	 & 	       0.2587	 & 	      -0.4099	 & 	       0.9331	 & 	      -0.8743	 & 	       0.9735	 & 	       0.8432	 & 	       0.8452	 & 	       0.7600	 & 	       0.3656	 & 	       0.7641 \\ 
$log\_Y\_N  $	 & 	      -0.0163	 & 	       0.0260	 & 	      -0.0003	 & 	      -0.0139	 & 	      -0.0123	 & 	      -0.0164	 & 	      -0.0343	 & 	      -0.0254	 & 	      -0.0151	 & 	      -0.0094	 & 	       0.2587	 & 	       1.0000	 & 	       0.4915	 & 	       0.4281	 & 	      -0.6332	 & 	       0.1331	 & 	      -0.3012	 & 	      -0.2887	 & 	      -0.3209	 & 	      -0.0091	 & 	      -0.1091 \\ 
$log\_SR    $	 & 	       0.0580	 & 	       0.0389	 & 	       0.0208	 & 	       0.0584	 & 	      -0.1093	 & 	       0.0498	 & 	       0.0246	 & 	       0.0231	 & 	       0.0403	 & 	       0.0201	 & 	      -0.4099	 & 	       0.4915	 & 	       1.0000	 & 	      -0.0667	 & 	       0.0579	 & 	      -0.5998	 & 	      -0.6782	 & 	      -0.7341	 & 	      -0.4085	 & 	       0.3829	 & 	      -0.3865 \\ 
$log\_I     $	 & 	       0.0576	 & 	       0.0039	 & 	      -0.0256	 & 	       0.0402	 & 	      -0.0506	 & 	       0.0671	 & 	       0.0563	 & 	       0.0307	 & 	       0.0310	 & 	       0.0302	 & 	       0.9331	 & 	       0.4281	 & 	      -0.0667	 & 	       1.0000	 & 	      -0.9278	 & 	       0.8263	 & 	       0.6829	 & 	       0.6600	 & 	       0.7071	 & 	       0.5734	 & 	       0.6824 \\ 
$log\_p\_I  $	 & 	       0.0038	 & 	      -0.0026	 & 	       0.0345	 & 	       0.0100	 & 	       0.0180	 & 	      -0.0028	 & 	      -0.0002	 & 	       0.0134	 & 	       0.0178	 & 	       0.0032	 & 	      -0.8743	 & 	      -0.6332	 & 	       0.0579	 & 	      -0.9278	 & 	       1.0000	 & 	      -0.7800	 & 	      -0.5107	 & 	      -0.5176	 & 	      -0.4389	 & 	      -0.2795	 & 	      -0.4269 \\ 
$log\_C     $	 & 	       0.0007	 & 	       0.0041	 & 	      -0.0175	 & 	      -0.0114	 & 	      -0.0047	 & 	       0.0125	 & 	       0.0040	 & 	      -0.0120	 & 	      -0.0102	 & 	      -0.0051	 & 	       0.9735	 & 	       0.1331	 & 	      -0.5998	 & 	       0.8263	 & 	      -0.7800	 & 	       1.0000	 & 	       0.8869	 & 	       0.9047	 & 	       0.7412	 & 	       0.2084	 & 	       0.7633 \\ 
$log\_N     $	 & 	       0.0326	 & 	      -0.0103	 & 	      -0.0211	 & 	       0.0167	 & 	      -0.0164	 & 	       0.0439	 & 	       0.0442	 & 	       0.0189	 & 	       0.0144	 & 	       0.0141	 & 	       0.8432	 & 	      -0.3012	 & 	      -0.6782	 & 	       0.6829	 & 	      -0.5107	 & 	       0.8869	 & 	       1.0000	 & 	       0.9951	 & 	       0.9288	 & 	       0.3660	 & 	       0.8150 \\ 
$log\_NC    $	 & 	       0.0153	 & 	      -0.0105	 & 	      -0.0221	 & 	       0.0019	 & 	      -0.0056	 & 	       0.0264	 & 	       0.0283	 & 	       0.0061	 & 	       0.0010	 & 	       0.0042	 & 	       0.8452	 & 	      -0.2887	 & 	      -0.7341	 & 	       0.6600	 & 	      -0.5176	 & 	       0.9047	 & 	       0.9951	 & 	       1.0000	 & 	       0.8874	 & 	       0.2759	 & 	       0.7815 \\ 
$log\_NI    $	 & 	       0.0943	 & 	      -0.0088	 & 	      -0.0155	 & 	       0.0703	 & 	      -0.0550	 & 	       0.1052	 & 	       0.0994	 & 	       0.0648	 & 	       0.0633	 & 	       0.0498	 & 	       0.7600	 & 	      -0.3209	 & 	      -0.4085	 & 	       0.7071	 & 	      -0.4389	 & 	       0.7412	 & 	       0.9288	 & 	       0.8874	 & 	       1.0000	 & 	       0.6699	 & 	       0.8670 \\ 
$log\_util  $	 & 	       0.1129	 & 	       0.0466	 & 	       0.0066	 & 	       0.0809	 & 	      -0.1204	 & 	       0.1292	 & 	       0.0787	 & 	       0.0446	 & 	       0.0740	 & 	       0.0455	 & 	       0.3656	 & 	      -0.0091	 & 	       0.3829	 & 	       0.5734	 & 	      -0.2795	 & 	       0.2084	 & 	       0.3660	 & 	       0.2759	 & 	       0.6699	 & 	       1.0000	 & 	       0.5970 \\ 
$log\_D     $	 & 	       0.1275	 & 	       0.0102	 & 	       0.0221	 & 	       0.1060	 & 	      -0.0275	 & 	       0.1314	 & 	       0.1042	 & 	       0.0986	 & 	       0.1215	 & 	       0.1063	 & 	       0.7641	 & 	      -0.1091	 & 	      -0.3865	 & 	       0.6824	 & 	      -0.4269	 & 	       0.7633	 & 	       0.8150	 & 	       0.7815	 & 	       0.8670	 & 	       0.5970	 & 	       1.0000 \\ 
\end{longtable}
 \end{center}
% End of TeX file.
