% 26-Feb-2024 14:14:54, created by disp_th_moments.m 
 
\begin{center}
\begin{longtable}{lccccccccccccccccccccc} 
\caption{MATRIX OF CORRELATIONS}\\
 \label{Table:th_corr_matrix}\\
\toprule 
$Variables  $	 & 	 $      Y\_obs$	 & 	 $  Y\_N\_obs$	 & 	 $     SR\_obs$	 & 	 $      I\_obs$	 & 	 $  p\_I\_obs$	 & 	 $      C\_obs$	 & 	 $     NC\_obs$	 & 	 $     NI\_obs$	 & 	 $   util\_obs$	 & 	 $      D\_obs$	 & 	 $      log\_Y$	 & 	 $  log\_Y\_N$	 & 	 $     log\_SR$	 & 	 $      log\_I$	 & 	 $  log\_p\_I$	 & 	 $      log\_C$	 & 	 $      log\_N$	 & 	 $     log\_NC$	 & 	 $     log\_NI$	 & 	 $   log\_util$	 & 	 $      log\_D$\\
\midrule \endfirsthead 
\caption{(continued)}\\
 \toprule \\ 
$Variables  $	 & 	 $      Y\_obs$	 & 	 $  Y\_N\_obs$	 & 	 $     SR\_obs$	 & 	 $      I\_obs$	 & 	 $  p\_I\_obs$	 & 	 $      C\_obs$	 & 	 $     NC\_obs$	 & 	 $     NI\_obs$	 & 	 $   util\_obs$	 & 	 $      D\_obs$	 & 	 $      log\_Y$	 & 	 $  log\_Y\_N$	 & 	 $     log\_SR$	 & 	 $      log\_I$	 & 	 $  log\_p\_I$	 & 	 $      log\_C$	 & 	 $      log\_N$	 & 	 $     log\_NC$	 & 	 $     log\_NI$	 & 	 $   log\_util$	 & 	 $      log\_D$\\
\midrule \endhead 
\midrule \multicolumn{22}{r}{(Continued on next page)} \\ \bottomrule \endfoot 
\bottomrule \endlastfoot 
$Y\_obs     $	 & 	       1.0000	 & 	       0.3884	 & 	       0.9577	 & 	       0.9385	 & 	      -0.1395	 & 	       0.9589	 & 	       0.9173	 & 	       0.9464	 & 	       0.9257	 & 	       0.9030	 & 	       0.0238	 & 	       0.0019	 & 	       0.0222	 & 	       0.0375	 & 	      -0.0024	 & 	       0.0194	 & 	       0.0184	 & 	       0.0155	 & 	       0.0300	 & 	       0.0397	 & 	       0.0513 \\ 
$Y\_N\_obs  $	 & 	       0.3884	 & 	       1.0000	 & 	       0.6177	 & 	       0.4982	 & 	      -0.2634	 & 	       0.2625	 & 	       0.0612	 & 	       0.4225	 & 	       0.3088	 & 	       0.2901	 & 	       0.0133	 & 	       0.0108	 & 	       0.0109	 & 	       0.0308	 & 	      -0.0073	 & 	       0.0089	 & 	       0.0081	 & 	       0.0054	 & 	       0.0211	 & 	       0.0172	 & 	       0.0267 \\ 
$SR\_obs    $	 & 	       0.9577	 & 	       0.6177	 & 	       1.0000	 & 	       0.9323	 & 	      -0.1925	 & 	       0.8908	 & 	       0.7969	 & 	       0.9171	 & 	       0.8753	 & 	       0.8525	 & 	       0.0008	 & 	       0.0015	 & 	       0.0114	 & 	      -0.0315	 & 	       0.0080	 & 	       0.0071	 & 	       0.0003	 & 	       0.0048	 & 	      -0.0236	 & 	       0.0075	 & 	       0.0226 \\ 
$I\_obs     $	 & 	       0.9385	 & 	       0.4982	 & 	       0.9323	 & 	       1.0000	 & 	      -0.1616	 & 	       0.8019	 & 	       0.7412	 & 	       0.9951	 & 	       0.9006	 & 	       0.8108	 & 	       0.0312	 & 	       0.0072	 & 	       0.0281	 & 	       0.0656	 & 	      -0.0038	 & 	       0.0221	 & 	       0.0230	 & 	       0.0170	 & 	       0.0505	 & 	       0.0512	 & 	       0.0625 \\ 
$p\_I\_obs  $	 & 	      -0.1395	 & 	      -0.2634	 & 	      -0.1925	 & 	      -0.1616	 & 	       1.0000	 & 	      -0.1085	 & 	      -0.0927	 & 	      -0.0952	 & 	      -0.1627	 & 	      -0.0951	 & 	      -0.0047	 & 	      -0.0040	 & 	      -0.0080	 & 	      -0.0126	 & 	       0.0288	 & 	      -0.0028	 & 	      -0.0028	 & 	      -0.0020	 & 	      -0.0064	 & 	      -0.0123	 & 	      -0.0079 \\ 
$C\_obs     $	 & 	       0.9589	 & 	       0.2625	 & 	       0.8908	 & 	       0.8019	 & 	      -0.1085	 & 	       1.0000	 & 	       0.9780	 & 	       0.8196	 & 	       0.8614	 & 	       0.8960	 & 	       0.0156	 & 	      -0.0026	 & 	       0.0153	 & 	       0.0111	 & 	      -0.0011	 & 	       0.0153	 & 	       0.0129	 & 	       0.0128	 & 	       0.0105	 & 	       0.0266	 & 	       0.0374 \\ 
$NC\_obs    $	 & 	       0.9173	 & 	       0.0612	 & 	       0.7969	 & 	       0.7412	 & 	      -0.0927	 & 	       0.9780	 & 	       1.0000	 & 	       0.7738	 & 	       0.8387	 & 	       0.8690	 & 	       0.0144	 & 	      -0.0045	 & 	       0.0146	 & 	       0.0082	 & 	      -0.0007	 & 	       0.0145	 & 	       0.0123	 & 	       0.0125	 & 	       0.0088	 & 	       0.0258	 & 	       0.0348 \\ 
$NI\_obs    $	 & 	       0.9464	 & 	       0.4225	 & 	       0.9171	 & 	       0.9951	 & 	      -0.0952	 & 	       0.8196	 & 	       0.7738	 & 	       1.0000	 & 	       0.9103	 & 	       0.8244	 & 	       0.0310	 & 	       0.0062	 & 	       0.0278	 & 	       0.0642	 & 	      -0.0018	 & 	       0.0222	 & 	       0.0231	 & 	       0.0172	 & 	       0.0498	 & 	       0.0511	 & 	       0.0623 \\ 
$util\_obs  $	 & 	       0.9257	 & 	       0.3088	 & 	       0.8753	 & 	       0.9006	 & 	      -0.1627	 & 	       0.8614	 & 	       0.8387	 & 	       0.9103	 & 	       1.0000	 & 	       0.9533	 & 	       0.0136	 & 	       0.0009	 & 	       0.0181	 & 	       0.0094	 & 	       0.0021	 & 	       0.0134	 & 	       0.0105	 & 	       0.0106	 & 	       0.0083	 & 	       0.0309	 & 	       0.0436 \\ 
$D\_obs     $	 & 	       0.9030	 & 	       0.2901	 & 	       0.8525	 & 	       0.8108	 & 	      -0.0951	 & 	       0.8960	 & 	       0.8690	 & 	       0.8244	 & 	       0.9533	 & 	       1.0000	 & 	       0.0139	 & 	      -0.0009	 & 	       0.0140	 & 	       0.0082	 & 	      -0.0000	 & 	       0.0139	 & 	       0.0111	 & 	       0.0114	 & 	       0.0078	 & 	       0.0266	 & 	       0.0418 \\ 
$log\_Y     $	 & 	       0.0238	 & 	       0.0133	 & 	       0.0008	 & 	       0.0312	 & 	      -0.0047	 & 	       0.0156	 & 	       0.0144	 & 	       0.0310	 & 	       0.0136	 & 	       0.0139	 & 	       1.0000	 & 	      -0.9466	 & 	      -0.7297	 & 	       0.6656	 & 	      -0.0613	 & 	       0.9894	 & 	       0.9975	 & 	       0.9895	 & 	       0.8508	 & 	      -0.1470	 & 	       0.9956 \\ 
$log\_Y\_N  $	 & 	       0.0019	 & 	       0.0108	 & 	       0.0015	 & 	       0.0072	 & 	      -0.0040	 & 	      -0.0026	 & 	      -0.0045	 & 	       0.0062	 & 	       0.0009	 & 	      -0.0009	 & 	      -0.9466	 & 	       1.0000	 & 	       0.7220	 & 	      -0.5049	 & 	      -0.1708	 & 	      -0.9609	 & 	      -0.9672	 & 	      -0.9720	 & 	      -0.7580	 & 	       0.1671	 & 	      -0.9307 \\ 
$log\_SR    $	 & 	       0.0222	 & 	       0.0109	 & 	       0.0114	 & 	       0.0281	 & 	      -0.0080	 & 	       0.0153	 & 	       0.0146	 & 	       0.0278	 & 	       0.0181	 & 	       0.0140	 & 	      -0.7297	 & 	       0.7220	 & 	       1.0000	 & 	      -0.0264	 & 	       0.0321	 & 	      -0.8113	 & 	      -0.7348	 & 	      -0.7937	 & 	      -0.2813	 & 	       0.7815	 & 	      -0.7142 \\ 
$log\_I     $	 & 	       0.0375	 & 	       0.0308	 & 	      -0.0315	 & 	       0.0656	 & 	      -0.0126	 & 	       0.0111	 & 	       0.0082	 & 	       0.0642	 & 	       0.0094	 & 	       0.0082	 & 	       0.6656	 & 	      -0.5049	 & 	      -0.0264	 & 	       1.0000	 & 	      -0.1908	 & 	       0.5503	 & 	       0.6363	 & 	       0.5561	 & 	       0.9428	 & 	       0.5475	 & 	       0.6890 \\ 
$log\_p\_I  $	 & 	      -0.0024	 & 	      -0.0073	 & 	       0.0080	 & 	      -0.0038	 & 	       0.0288	 & 	      -0.0011	 & 	      -0.0007	 & 	      -0.0018	 & 	       0.0021	 & 	      -0.0000	 & 	      -0.0613	 & 	      -0.1708	 & 	       0.0321	 & 	      -0.1908	 & 	       1.0000	 & 	      -0.0315	 & 	      -0.0106	 & 	      -0.0088	 & 	      -0.0187	 & 	       0.0130	 & 	      -0.0577 \\ 
$log\_C     $	 & 	       0.0194	 & 	       0.0089	 & 	       0.0071	 & 	       0.0221	 & 	      -0.0028	 & 	       0.0153	 & 	       0.0145	 & 	       0.0222	 & 	       0.0134	 & 	       0.0139	 & 	       0.9894	 & 	      -0.9609	 & 	      -0.8113	 & 	       0.5503	 & 	      -0.0315	 & 	       1.0000	 & 	       0.9923	 & 	       0.9989	 & 	       0.7685	 & 	      -0.2709	 & 	       0.9799 \\ 
$log\_N     $	 & 	       0.0184	 & 	       0.0081	 & 	       0.0003	 & 	       0.0230	 & 	      -0.0028	 & 	       0.0129	 & 	       0.0123	 & 	       0.0231	 & 	       0.0105	 & 	       0.0111	 & 	       0.9975	 & 	      -0.9672	 & 	      -0.7348	 & 	       0.6363	 & 	      -0.0106	 & 	       0.9923	 & 	       1.0000	 & 	       0.9947	 & 	       0.8382	 & 	      -0.1528	 & 	       0.9905 \\ 
$log\_NC    $	 & 	       0.0155	 & 	       0.0054	 & 	       0.0048	 & 	       0.0170	 & 	      -0.0020	 & 	       0.0128	 & 	       0.0125	 & 	       0.0172	 & 	       0.0106	 & 	       0.0114	 & 	       0.9895	 & 	      -0.9720	 & 	      -0.7937	 & 	       0.5561	 & 	      -0.0088	 & 	       0.9989	 & 	       0.9947	 & 	       1.0000	 & 	       0.7779	 & 	      -0.2432	 & 	       0.9789 \\ 
$log\_NI    $	 & 	       0.0300	 & 	       0.0211	 & 	      -0.0236	 & 	       0.0505	 & 	      -0.0064	 & 	       0.0105	 & 	       0.0088	 & 	       0.0498	 & 	       0.0083	 & 	       0.0078	 & 	       0.8508	 & 	      -0.7580	 & 	      -0.2813	 & 	       0.9428	 & 	      -0.0187	 & 	       0.7685	 & 	       0.8382	 & 	       0.7779	 & 	       1.0000	 & 	       0.3582	 & 	       0.8641 \\ 
$log\_util  $	 & 	       0.0397	 & 	       0.0172	 & 	       0.0075	 & 	       0.0512	 & 	      -0.0123	 & 	       0.0266	 & 	       0.0258	 & 	       0.0511	 & 	       0.0309	 & 	       0.0266	 & 	      -0.1470	 & 	       0.1671	 & 	       0.7815	 & 	       0.5475	 & 	       0.0130	 & 	      -0.2709	 & 	      -0.1528	 & 	      -0.2432	 & 	       0.3582	 & 	       1.0000	 & 	      -0.1280 \\ 
$log\_D     $	 & 	       0.0513	 & 	       0.0267	 & 	       0.0226	 & 	       0.0625	 & 	      -0.0079	 & 	       0.0374	 & 	       0.0348	 & 	       0.0623	 & 	       0.0436	 & 	       0.0418	 & 	       0.9956	 & 	      -0.9307	 & 	      -0.7142	 & 	       0.6890	 & 	      -0.0577	 & 	       0.9799	 & 	       0.9905	 & 	       0.9789	 & 	       0.8641	 & 	      -0.1280	 & 	       1.0000 \\ 
\end{longtable}
 \end{center}
% End of TeX file.
