% 20-Feb-2024 11:24:06, created by disp_th_moments.m 
 
\begin{center}
\begin{longtable}{lccccccccccccccccccccc} 
\caption{MATRIX OF CORRELATIONS}\\
 \label{Table:th_corr_matrix}\\
\toprule 
$Variables  $	 & 	 $      Y\_obs$	 & 	 $  Y\_N\_obs$	 & 	 $     SR\_obs$	 & 	 $      I\_obs$	 & 	 $  p\_I\_obs$	 & 	 $      C\_obs$	 & 	 $     NC\_obs$	 & 	 $     NI\_obs$	 & 	 $   util\_obs$	 & 	 $      D\_obs$	 & 	 $      log\_Y$	 & 	 $  log\_Y\_N$	 & 	 $     log\_SR$	 & 	 $      log\_I$	 & 	 $  log\_p\_I$	 & 	 $      log\_C$	 & 	 $      log\_N$	 & 	 $     log\_NC$	 & 	 $     log\_NI$	 & 	 $   log\_util$	 & 	 $      log\_D$\\
\midrule \endfirsthead 
\caption{(continued)}\\
 \toprule \\ 
$Variables  $	 & 	 $      Y\_obs$	 & 	 $  Y\_N\_obs$	 & 	 $     SR\_obs$	 & 	 $      I\_obs$	 & 	 $  p\_I\_obs$	 & 	 $      C\_obs$	 & 	 $     NC\_obs$	 & 	 $     NI\_obs$	 & 	 $   util\_obs$	 & 	 $      D\_obs$	 & 	 $      log\_Y$	 & 	 $  log\_Y\_N$	 & 	 $     log\_SR$	 & 	 $      log\_I$	 & 	 $  log\_p\_I$	 & 	 $      log\_C$	 & 	 $      log\_N$	 & 	 $     log\_NC$	 & 	 $     log\_NI$	 & 	 $   log\_util$	 & 	 $      log\_D$\\
\midrule \endhead 
\midrule \multicolumn{22}{r}{(Continued on next page)} \\ \bottomrule \endfoot 
\bottomrule \endlastfoot 
$Y\_obs     $	 & 	       1.0000	 & 	       0.1665	 & 	       0.6825	 & 	       0.9373	 & 	       0.3419	 & 	       0.9725	 & 	       0.8418	 & 	       0.8809	 & 	       0.9387	 & 	       0.8901	 & 	       0.0238	 & 	      -0.0070	 & 	       0.1051	 & 	       0.0407	 & 	       0.0031	 & 	       0.0157	 & 	       0.0366	 & 	       0.0221	 & 	       0.0937	 & 	       0.1392	 & 	       0.0845 \\ 
$Y\_N\_obs  $	 & 	       0.1665	 & 	       1.0000	 & 	       0.2123	 & 	       0.0163	 & 	      -0.1743	 & 	       0.2552	 & 	      -0.3634	 & 	      -0.2328	 & 	       0.1524	 & 	       0.0765	 & 	      -0.0047	 & 	       0.0160	 & 	       0.0308	 & 	      -0.0023	 & 	      -0.0017	 & 	      -0.0058	 & 	      -0.0137	 & 	      -0.0131	 & 	      -0.0144	 & 	       0.0409	 & 	       0.0118 \\ 
$SR\_obs    $	 & 	       0.6825	 & 	       0.2123	 & 	       1.0000	 & 	       0.6281	 & 	       0.0921	 & 	       0.6715	 & 	       0.5284	 & 	       0.5548	 & 	       0.8508	 & 	       0.8560	 & 	      -0.0117	 & 	      -0.0046	 & 	       0.0592	 & 	      -0.0140	 & 	       0.0144	 & 	      -0.0106	 & 	      -0.0145	 & 	      -0.0141	 & 	      -0.0141	 & 	       0.0408	 & 	       0.0127 \\ 
$I\_obs     $	 & 	       0.9373	 & 	       0.0163	 & 	       0.6281	 & 	       1.0000	 & 	       0.2808	 & 	       0.8304	 & 	       0.8077	 & 	       0.9645	 & 	       0.8810	 & 	       0.8530	 & 	       0.0180	 & 	      -0.0099	 & 	       0.0964	 & 	       0.0361	 & 	       0.0018	 & 	       0.0095	 & 	       0.0297	 & 	       0.0163	 & 	       0.0833	 & 	       0.1162	 & 	       0.0637 \\ 
$p\_I\_obs  $	 & 	       0.3419	 & 	      -0.1743	 & 	       0.0921	 & 	       0.2808	 & 	       1.0000	 & 	       0.3590	 & 	       0.4036	 & 	       0.3978	 & 	       0.3409	 & 	       0.4050	 & 	       0.0076	 & 	      -0.0052	 & 	      -0.1041	 & 	       0.0121	 & 	       0.0074	 & 	       0.0054	 & 	       0.0129	 & 	       0.0072	 & 	       0.0359	 & 	      -0.0584	 & 	       0.0134 \\ 
$C\_obs     $	 & 	       0.9725	 & 	       0.2552	 & 	       0.6715	 & 	       0.8304	 & 	       0.3590	 & 	       1.0000	 & 	       0.8061	 & 	       0.7639	 & 	       0.9122	 & 	       0.8532	 & 	       0.0260	 & 	      -0.0047	 & 	       0.1036	 & 	       0.0409	 & 	       0.0038	 & 	       0.0188	 & 	       0.0386	 & 	       0.0245	 & 	       0.0941	 & 	       0.1448	 & 	       0.0925 \\ 
$NC\_obs    $	 & 	       0.8418	 & 	      -0.3634	 & 	       0.5284	 & 	       0.8077	 & 	       0.4036	 & 	       0.8061	 & 	       1.0000	 & 	       0.8897	 & 	       0.7909	 & 	       0.7770	 & 	       0.0278	 & 	      -0.0144	 & 	       0.0892	 & 	       0.0410	 & 	       0.0043	 & 	       0.0213	 & 	       0.0455	 & 	       0.0314	 & 	       0.0996	 & 	       0.1202	 & 	       0.0821 \\ 
$NI\_obs    $	 & 	       0.8809	 & 	      -0.2328	 & 	       0.5548	 & 	       0.9645	 & 	       0.3978	 & 	       0.7639	 & 	       0.8897	 & 	       1.0000	 & 	       0.8306	 & 	       0.8268	 & 	       0.0192	 & 	      -0.0135	 & 	       0.0754	 & 	       0.0360	 & 	       0.0028	 & 	       0.0112	 & 	       0.0330	 & 	       0.0195	 & 	       0.0861	 & 	       0.0965	 & 	       0.0598 \\ 
$util\_obs  $	 & 	       0.9387	 & 	       0.1524	 & 	       0.8508	 & 	       0.8810	 & 	       0.3409	 & 	       0.9122	 & 	       0.7909	 & 	       0.8306	 & 	       1.0000	 & 	       0.9871	 & 	       0.0087	 & 	      -0.0069	 & 	       0.0734	 & 	       0.0168	 & 	       0.0100	 & 	       0.0049	 & 	       0.0153	 & 	       0.0070	 & 	       0.0490	 & 	       0.0883	 & 	       0.0549 \\ 
$D\_obs     $	 & 	       0.8901	 & 	       0.0765	 & 	       0.8560	 & 	       0.8530	 & 	       0.4050	 & 	       0.8532	 & 	       0.7770	 & 	       0.8268	 & 	       0.9871	 & 	       1.0000	 & 	       0.0202	 & 	       0.0001	 & 	       0.0918	 & 	       0.0337	 & 	       0.0048	 & 	       0.0138	 & 	       0.0284	 & 	       0.0161	 & 	       0.0772	 & 	       0.1130	 & 	       0.0790 \\ 
$log\_Y     $	 & 	       0.0238	 & 	      -0.0047	 & 	      -0.0117	 & 	       0.0180	 & 	       0.0076	 & 	       0.0260	 & 	       0.0278	 & 	       0.0192	 & 	       0.0087	 & 	       0.0202	 & 	       1.0000	 & 	       0.9494	 & 	       0.1203	 & 	       0.9808	 & 	      -0.9181	 & 	       0.9960	 & 	       0.9903	 & 	       0.9945	 & 	       0.8245	 & 	       0.4678	 & 	       0.6688 \\ 
$log\_Y\_N  $	 & 	      -0.0070	 & 	       0.0160	 & 	      -0.0046	 & 	      -0.0099	 & 	      -0.0052	 & 	      -0.0047	 & 	      -0.0144	 & 	      -0.0135	 & 	      -0.0069	 & 	       0.0001	 & 	       0.9494	 & 	       1.0000	 & 	       0.1749	 & 	       0.9396	 & 	      -0.9822	 & 	       0.9416	 & 	       0.8966	 & 	       0.9240	 & 	       0.6446	 & 	       0.3367	 & 	       0.4524 \\ 
$log\_SR    $	 & 	       0.1051	 & 	       0.0308	 & 	       0.0592	 & 	       0.0964	 & 	      -0.1041	 & 	       0.1036	 & 	       0.0892	 & 	       0.0754	 & 	       0.0734	 & 	       0.0918	 & 	       0.1203	 & 	       0.1749	 & 	       1.0000	 & 	       0.2892	 & 	      -0.2123	 & 	       0.0412	 & 	       0.0923	 & 	       0.0361	 & 	       0.3213	 & 	       0.7483	 & 	       0.1721 \\ 
$log\_I     $	 & 	       0.0407	 & 	      -0.0023	 & 	      -0.0140	 & 	       0.0361	 & 	       0.0121	 & 	       0.0409	 & 	       0.0410	 & 	       0.0360	 & 	       0.0168	 & 	       0.0337	 & 	       0.9808	 & 	       0.9396	 & 	       0.2892	 & 	       1.0000	 & 	      -0.9256	 & 	       0.9594	 & 	       0.9675	 & 	       0.9595	 & 	       0.8579	 & 	       0.5714	 & 	       0.6574 \\ 
$log\_p\_I  $	 & 	       0.0031	 & 	      -0.0017	 & 	       0.0144	 & 	       0.0018	 & 	       0.0074	 & 	       0.0038	 & 	       0.0043	 & 	       0.0028	 & 	       0.0100	 & 	       0.0048	 & 	      -0.9181	 & 	      -0.9822	 & 	      -0.2123	 & 	      -0.9256	 & 	       1.0000	 & 	      -0.9029	 & 	      -0.8605	 & 	      -0.8908	 & 	      -0.6010	 & 	      -0.2938	 & 	      -0.3434 \\ 
$log\_C     $	 & 	       0.0157	 & 	      -0.0058	 & 	      -0.0106	 & 	       0.0095	 & 	       0.0054	 & 	       0.0188	 & 	       0.0213	 & 	       0.0112	 & 	       0.0049	 & 	       0.0138	 & 	       0.9960	 & 	       0.9416	 & 	       0.0412	 & 	       0.9594	 & 	      -0.9029	 & 	       1.0000	 & 	       0.9881	 & 	       0.9978	 & 	       0.7987	 & 	       0.4143	 & 	       0.6655 \\ 
$log\_N     $	 & 	       0.0366	 & 	      -0.0137	 & 	      -0.0145	 & 	       0.0297	 & 	       0.0129	 & 	       0.0386	 & 	       0.0455	 & 	       0.0330	 & 	       0.0153	 & 	       0.0284	 & 	       0.9903	 & 	       0.8966	 & 	       0.0923	 & 	       0.9675	 & 	      -0.8605	 & 	       0.9881	 & 	       1.0000	 & 	       0.9938	 & 	       0.8775	 & 	       0.5107	 & 	       0.7429 \\ 
$log\_NC    $	 & 	       0.0221	 & 	      -0.0131	 & 	      -0.0141	 & 	       0.0163	 & 	       0.0072	 & 	       0.0245	 & 	       0.0314	 & 	       0.0195	 & 	       0.0070	 & 	       0.0161	 & 	       0.9945	 & 	       0.9240	 & 	       0.0361	 & 	       0.9595	 & 	      -0.8908	 & 	       0.9978	 & 	       0.9938	 & 	       1.0000	 & 	       0.8188	 & 	       0.4256	 & 	       0.6789 \\ 
$log\_NI    $	 & 	       0.0937	 & 	      -0.0144	 & 	      -0.0141	 & 	       0.0833	 & 	       0.0359	 & 	       0.0941	 & 	       0.0996	 & 	       0.0861	 & 	       0.0490	 & 	       0.0772	 & 	       0.8245	 & 	       0.6446	 & 	       0.3213	 & 	       0.8579	 & 	      -0.6010	 & 	       0.7987	 & 	       0.8775	 & 	       0.8188	 & 	       1.0000	 & 	       0.8018	 & 	       0.9086 \\ 
$log\_util  $	 & 	       0.1392	 & 	       0.0409	 & 	       0.0408	 & 	       0.1162	 & 	      -0.0584	 & 	       0.1448	 & 	       0.1202	 & 	       0.0965	 & 	       0.0883	 & 	       0.1130	 & 	       0.4678	 & 	       0.3367	 & 	       0.7483	 & 	       0.5714	 & 	      -0.2938	 & 	       0.4143	 & 	       0.5107	 & 	       0.4256	 & 	       0.8018	 & 	       1.0000	 & 	       0.7737 \\ 
$log\_D     $	 & 	       0.0845	 & 	       0.0118	 & 	       0.0127	 & 	       0.0637	 & 	       0.0134	 & 	       0.0925	 & 	       0.0821	 & 	       0.0598	 & 	       0.0549	 & 	       0.0790	 & 	       0.6688	 & 	       0.4524	 & 	       0.1721	 & 	       0.6574	 & 	      -0.3434	 & 	       0.6655	 & 	       0.7429	 & 	       0.6789	 & 	       0.9086	 & 	       0.7737	 & 	       1.0000 \\ 
\end{longtable}
 \end{center}
% End of TeX file.
