% 05-Mar-2024 10:50:50, created by display_conditional_variance_decomposition.m 
 
\begin{center}
\begin{longtable}{lccccc} 
\caption{CONDITIONAL VARIANCE DECOMPOSITION (in percent); Period 1}\\
 \label{Table:th_var_decomp_cond_h1}\\
\toprule 
$          $	 & 	 $       {e_g}$	 & 	 $       {e_Z}$	 & 	 $    {e_{ZI}}$	 & 	 $       {e_N}$	 & 	 $       {e_C}$\\
\midrule \endfirsthead 
\caption{(continued)}\\
 \toprule \\ 
$          $	 & 	 $       {e_g}$	 & 	 $       {e_Z}$	 & 	 $    {e_{ZI}}$	 & 	 $       {e_N}$	 & 	 $       {e_C}$\\
\midrule \endhead 
\midrule \multicolumn{6}{r}{(Continued on next page)} \\ \bottomrule \endfoot 
\bottomrule \endlastfoot 
$Y_obs     $	 & 	       14.32	 & 	       28.83	 & 	        5.05	 & 	       40.24	 & 	       11.56 \\ 
$Y_N_obs   $	 & 	       33.99	 & 	       21.28	 & 	        7.47	 & 	       22.18	 & 	       15.09 \\ 
$I_obs     $	 & 	        1.85	 & 	       27.10	 & 	       16.57	 & 	       25.75	 & 	       28.73 \\ 
$p_I_obs   $	 & 	        0.31	 & 	       13.02	 & 	       53.16	 & 	        7.95	 & 	       25.56 \\ 
$C_obs     $	 & 	       26.23	 & 	       25.33	 & 	        0.67	 & 	       44.61	 & 	        3.17 \\ 
$NC_obs    $	 & 	        0.00	 & 	        0.32	 & 	        0.01	 & 	       82.75	 & 	       16.92 \\ 
$NI_obs    $	 & 	        0.30	 & 	       14.52	 & 	        0.41	 & 	       40.67	 & 	       44.11 \\ 
$util_obs  $	 & 	       35.63	 & 	        2.14	 & 	       27.85	 & 	        0.70	 & 	       33.68 \\ 
$log_Y     $	 & 	        0.38	 & 	       33.52	 & 	        5.87	 & 	       46.79	 & 	       13.44 \\ 
$log_Y_N   $	 & 	        0.34	 & 	       32.12	 & 	       11.27	 & 	       33.49	 & 	       22.78 \\ 
$log_I     $	 & 	        0.47	 & 	       27.48	 & 	       16.81	 & 	       26.11	 & 	       29.14 \\ 
$log_p_I   $	 & 	        0.31	 & 	       13.02	 & 	       53.16	 & 	        7.95	 & 	       25.56 \\ 
$log_C     $	 & 	        0.27	 & 	       34.24	 & 	        0.90	 & 	       60.31	 & 	        4.28 \\ 
$log_N     $	 & 	        0.04	 & 	        3.55	 & 	        0.10	 & 	       68.70	 & 	       27.61 \\ 
$log_NC    $	 & 	        0.00	 & 	        0.32	 & 	        0.01	 & 	       82.75	 & 	       16.92 \\ 
$log_NI    $	 & 	        0.30	 & 	       14.52	 & 	        0.41	 & 	       40.67	 & 	       44.11 \\ 
$log_util  $	 & 	       35.63	 & 	        2.14	 & 	       27.85	 & 	        0.70	 & 	       33.68 \\ 
\end{longtable}
 \end{center}
% End of TeX file.
