% 05-Mar-2024 10:50:50, created by display_conditional_variance_decomposition.m 
 
\begin{center}
\begin{longtable}{lccccc} 
\caption{CONDITIONAL VARIANCE DECOMPOSITION (in percent); Period 4}\\
 \label{Table:th_var_decomp_cond_h4}\\
\toprule 
$          $	 & 	 $       {e_g}$	 & 	 $       {e_Z}$	 & 	 $    {e_{ZI}}$	 & 	 $       {e_N}$	 & 	 $       {e_C}$\\
\midrule \endfirsthead 
\caption{(continued)}\\
 \toprule \\ 
$          $	 & 	 $       {e_g}$	 & 	 $       {e_Z}$	 & 	 $    {e_{ZI}}$	 & 	 $       {e_N}$	 & 	 $       {e_C}$\\
\midrule \endhead 
\midrule \multicolumn{6}{r}{(Continued on next page)} \\ \bottomrule \endfoot 
\bottomrule \endlastfoot 
$Y_obs     $	 & 	       15.00	 & 	       28.23	 & 	        5.14	 & 	       40.11	 & 	       11.53 \\ 
$Y_N_obs   $	 & 	       34.28	 & 	       21.45	 & 	        7.10	 & 	       22.19	 & 	       14.97 \\ 
$I_obs     $	 & 	        2.98	 & 	       27.98	 & 	       16.39	 & 	       24.50	 & 	       28.15 \\ 
$p_I_obs   $	 & 	        0.52	 & 	       43.51	 & 	       33.44	 & 	        6.25	 & 	       16.28 \\ 
$C_obs     $	 & 	       25.66	 & 	       24.48	 & 	        0.71	 & 	       46.01	 & 	        3.14 \\ 
$NC_obs    $	 & 	        0.19	 & 	        0.57	 & 	        0.02	 & 	       82.48	 & 	       16.74 \\ 
$NI_obs    $	 & 	        0.67	 & 	       15.08	 & 	        0.89	 & 	       40.20	 & 	       43.17 \\ 
$util_obs  $	 & 	       10.81	 & 	       38.52	 & 	       11.14	 & 	       21.14	 & 	       18.39 \\ 
$log_Y     $	 & 	        0.53	 & 	       31.04	 & 	        6.55	 & 	       48.40	 & 	       13.48 \\ 
$log_Y_N   $	 & 	        0.82	 & 	       51.32	 & 	       14.83	 & 	       19.68	 & 	       13.35 \\ 
$log_I     $	 & 	        0.12	 & 	       35.34	 & 	       18.02	 & 	       18.15	 & 	       28.37 \\ 
$log_p_I   $	 & 	        0.21	 & 	       31.53	 & 	       45.55	 & 	        2.89	 & 	       19.83 \\ 
$log_C     $	 & 	        1.28	 & 	       23.26	 & 	        1.14	 & 	       69.93	 & 	        4.40 \\ 
$log_N     $	 & 	        0.05	 & 	        2.82	 & 	        0.25	 & 	       71.16	 & 	       25.72 \\ 
$log_NC    $	 & 	        0.20	 & 	        0.63	 & 	        0.00	 & 	       86.33	 & 	       12.84 \\ 
$log_NI    $	 & 	        0.18	 & 	        9.96	 & 	        1.84	 & 	       36.19	 & 	       51.84 \\ 
$log_util  $	 & 	       17.34	 & 	       38.67	 & 	       22.48	 & 	       18.62	 & 	        2.90 \\ 
\end{longtable}
 \end{center}
% End of TeX file.
