% 05-Mar-2024 10:50:50, created by display_conditional_variance_decomposition.m 
 
\begin{center}
\begin{longtable}{lccccc} 
\caption{CONDITIONAL VARIANCE DECOMPOSITION (in percent); Period 8}\\
 \label{Table:th_var_decomp_cond_h8}\\
\toprule 
$          $	 & 	 $       {e_g}$	 & 	 $       {e_Z}$	 & 	 $    {e_{ZI}}$	 & 	 $       {e_N}$	 & 	 $       {e_C}$\\
\midrule \endfirsthead 
\caption{(continued)}\\
 \toprule \\ 
$          $	 & 	 $       {e_g}$	 & 	 $       {e_Z}$	 & 	 $    {e_{ZI}}$	 & 	 $       {e_N}$	 & 	 $       {e_C}$\\
\midrule \endhead 
\midrule \multicolumn{6}{r}{(Continued on next page)} \\ \bottomrule \endfoot 
\bottomrule \endlastfoot 
$Y_obs     $	 & 	       14.99	 & 	       28.22	 & 	        5.13	 & 	       40.07	 & 	       11.58 \\ 
$Y_N_obs   $	 & 	       34.26	 & 	       21.44	 & 	        7.10	 & 	       22.18	 & 	       15.03 \\ 
$I_obs     $	 & 	        2.97	 & 	       28.26	 & 	       16.27	 & 	       24.32	 & 	       28.18 \\ 
$p_I_obs   $	 & 	        0.51	 & 	       44.62	 & 	       32.72	 & 	        6.12	 & 	       16.02 \\ 
$C_obs     $	 & 	       25.54	 & 	       24.84	 & 	        0.71	 & 	       45.79	 & 	        3.13 \\ 
$NC_obs    $	 & 	        0.19	 & 	        0.65	 & 	        0.02	 & 	       82.37	 & 	       16.77 \\ 
$NI_obs    $	 & 	        0.67	 & 	       15.03	 & 	        0.89	 & 	       40.07	 & 	       43.34 \\ 
$util_obs  $	 & 	       10.76	 & 	       38.67	 & 	       11.12	 & 	       21.05	 & 	       18.40 \\ 
$log_Y     $	 & 	        0.56	 & 	       29.97	 & 	        6.88	 & 	       50.10	 & 	       12.49 \\ 
$log_Y_N   $	 & 	        0.94	 & 	       56.82	 & 	       15.63	 & 	       16.77	 & 	        9.85 \\ 
$log_I     $	 & 	        0.10	 & 	       44.32	 & 	       17.17	 & 	       14.90	 & 	       23.51 \\ 
$log_p_I   $	 & 	        0.27	 & 	       54.54	 & 	       31.95	 & 	        1.18	 & 	       12.05 \\ 
$log_C     $	 & 	        1.73	 & 	       16.46	 & 	        1.31	 & 	       76.06	 & 	        4.44 \\ 
$log_N     $	 & 	        0.05	 & 	        2.27	 & 	        0.29	 & 	       74.17	 & 	       23.21 \\ 
$log_NC    $	 & 	        0.33	 & 	        0.37	 & 	        0.00	 & 	       88.42	 & 	       10.88 \\ 
$log_NI    $	 & 	        0.34	 & 	        9.89	 & 	        2.34	 & 	       36.00	 & 	       51.42 \\ 
$log_util  $	 & 	       14.69	 & 	       47.83	 & 	       18.81	 & 	       17.51	 & 	        1.16 \\ 
\end{longtable}
 \end{center}
% End of TeX file.
