% 05-Mar-2024 10:50:50, created by disp_th_moments.m 
 
\begin{center}
\begin{longtable}{lccccccccccccccccc} 
\caption{MATRIX OF CORRELATIONS}\\
 \label{Table:th_corr_matrix}\\
\toprule 
$Variables  $	 & 	 $      Y\_obs$	 & 	 $  Y\_N\_obs$	 & 	 $      I\_obs$	 & 	 $  p\_I\_obs$	 & 	 $      C\_obs$	 & 	 $     NC\_obs$	 & 	 $     NI\_obs$	 & 	 $   util\_obs$	 & 	 $      log\_Y$	 & 	 $  log\_Y\_N$	 & 	 $      log\_I$	 & 	 $  log\_p\_I$	 & 	 $      log\_C$	 & 	 $      log\_N$	 & 	 $     log\_NC$	 & 	 $     log\_NI$	 & 	 $   log\_util$\\
\midrule \endfirsthead 
\caption{(continued)}\\
 \toprule \\ 
$Variables  $	 & 	 $      Y\_obs$	 & 	 $  Y\_N\_obs$	 & 	 $      I\_obs$	 & 	 $  p\_I\_obs$	 & 	 $      C\_obs$	 & 	 $     NC\_obs$	 & 	 $     NI\_obs$	 & 	 $   util\_obs$	 & 	 $      log\_Y$	 & 	 $  log\_Y\_N$	 & 	 $      log\_I$	 & 	 $  log\_p\_I$	 & 	 $      log\_C$	 & 	 $      log\_N$	 & 	 $     log\_NC$	 & 	 $     log\_NI$	 & 	 $   log\_util$\\
\midrule \endhead 
\midrule \multicolumn{18}{r}{(Continued on next page)} \\ \bottomrule \endfoot 
\bottomrule \endlastfoot 
$Y\_obs     $	 & 	       1.0000	 & 	       0.1478	 & 	       0.9079	 & 	       0.2292	 & 	       0.9582	 & 	       0.7367	 & 	       0.7955	 & 	       0.1556	 & 	       0.0140	 & 	      -0.0306	 & 	       0.0388	 & 	       0.0497	 & 	       0.0067	 & 	       0.0196	 & 	       0.0109	 & 	       0.0574	 & 	       0.0355 \\ 
$Y\_N\_obs  $	 & 	       0.1478	 & 	       1.0000	 & 	       0.0320	 & 	      -0.3817	 & 	       0.2114	 & 	      -0.5256	 & 	      -0.3834	 & 	       0.5403	 & 	       0.0051	 & 	       0.0284	 & 	       0.0072	 & 	       0.0052	 & 	       0.0043	 & 	      -0.0019	 & 	      -0.0027	 & 	       0.0017	 & 	       0.0633 \\ 
$I\_obs     $	 & 	       0.9079	 & 	       0.0320	 & 	       1.0000	 & 	       0.1316	 & 	       0.7501	 & 	       0.6781	 & 	       0.8634	 & 	       0.0862	 & 	       0.0090	 & 	      -0.0222	 & 	       0.0333	 & 	       0.0511	 & 	       0.0020	 & 	       0.0131	 & 	       0.0047	 & 	       0.0500	 & 	       0.0316 \\ 
$p\_I\_obs  $	 & 	       0.2292	 & 	      -0.3817	 & 	       0.1316	 & 	       1.0000	 & 	       0.2718	 & 	       0.3468	 & 	       0.5378	 & 	      -0.7337	 & 	      -0.0121	 & 	      -0.0449	 & 	      -0.0312	 & 	       0.0445	 & 	      -0.0064	 & 	      -0.0007	 & 	       0.0006	 & 	      -0.0062	 & 	      -0.1064 \\ 
$C\_obs     $	 & 	       0.9582	 & 	       0.2114	 & 	       0.7501	 & 	       0.2718	 & 	       1.0000	 & 	       0.6996	 & 	       0.6660	 & 	       0.1868	 & 	       0.0160	 & 	      -0.0331	 & 	       0.0384	 & 	       0.0436	 & 	       0.0093	 & 	       0.0220	 & 	       0.0140	 & 	       0.0564	 & 	       0.0343 \\ 
$NC\_obs    $	 & 	       0.7367	 & 	      -0.5256	 & 	       0.6781	 & 	       0.3468	 & 	       0.6996	 & 	       1.0000	 & 	       0.8400	 & 	      -0.1134	 & 	       0.0128	 & 	      -0.0436	 & 	       0.0361	 & 	       0.0290	 & 	       0.0059	 & 	       0.0215	 & 	       0.0143	 & 	       0.0523	 & 	       0.0032 \\ 
$NI\_obs    $	 & 	       0.7955	 & 	      -0.3834	 & 	       0.8634	 & 	       0.5378	 & 	       0.6660	 & 	       0.8400	 & 	       1.0000	 & 	      -0.3084	 & 	       0.0028	 & 	      -0.0416	 & 	       0.0168	 & 	       0.0547	 & 	      -0.0012	 & 	       0.0120	 & 	       0.0054	 & 	       0.0403	 & 	      -0.0246 \\ 
$util\_obs  $	 & 	       0.1556	 & 	       0.5403	 & 	       0.0862	 & 	      -0.7337	 & 	       0.1868	 & 	      -0.1134	 & 	      -0.3084	 & 	       1.0000	 & 	      -0.0067	 & 	      -0.0094	 & 	      -0.0174	 & 	       0.0434	 & 	      -0.0036	 & 	      -0.0039	 & 	      -0.0043	 & 	      -0.0021	 & 	       0.0436 \\ 
$log\_Y     $	 & 	       0.0140	 & 	       0.0051	 & 	       0.0090	 & 	      -0.0121	 & 	       0.0160	 & 	       0.0128	 & 	       0.0028	 & 	      -0.0067	 & 	       1.0000	 & 	      -0.3213	 & 	       0.9091	 & 	      -0.3496	 & 	       0.9934	 & 	       0.9764	 & 	       0.9748	 & 	       0.9569	 & 	      -0.2567 \\ 
$log\_Y\_N  $	 & 	      -0.0306	 & 	       0.0284	 & 	      -0.0222	 & 	      -0.0449	 & 	      -0.0331	 & 	      -0.0436	 & 	      -0.0416	 & 	      -0.0094	 & 	      -0.3213	 & 	       1.0000	 & 	       0.0153	 & 	      -0.7585	 & 	      -0.4039	 & 	      -0.5181	 & 	      -0.5194	 & 	      -0.4982	 & 	      -0.0480 \\ 
$log\_I     $	 & 	       0.0388	 & 	       0.0072	 & 	       0.0333	 & 	      -0.0312	 & 	       0.0384	 & 	       0.0361	 & 	       0.0168	 & 	      -0.0174	 & 	       0.9091	 & 	       0.0153	 & 	       1.0000	 & 	      -0.6374	 & 	       0.8552	 & 	       0.8176	 & 	       0.8033	 & 	       0.8580	 & 	      -0.0671 \\ 
$log\_p\_I  $	 & 	       0.0497	 & 	       0.0052	 & 	       0.0511	 & 	       0.0445	 & 	       0.0436	 & 	       0.0290	 & 	       0.0547	 & 	       0.0434	 & 	      -0.3496	 & 	      -0.7585	 & 	      -0.6374	 & 	       1.0000	 & 	      -0.2591	 & 	      -0.1429	 & 	      -0.1383	 & 	      -0.1588	 & 	       0.0999 \\ 
$log\_C     $	 & 	       0.0067	 & 	       0.0043	 & 	       0.0020	 & 	      -0.0064	 & 	       0.0093	 & 	       0.0059	 & 	      -0.0012	 & 	      -0.0036	 & 	       0.9934	 & 	      -0.4039	 & 	       0.8552	 & 	      -0.2591	 & 	       1.0000	 & 	       0.9893	 & 	       0.9912	 & 	       0.9538	 & 	      -0.3008 \\ 
$log\_N     $	 & 	       0.0196	 & 	      -0.0019	 & 	       0.0131	 & 	      -0.0007	 & 	       0.0220	 & 	       0.0215	 & 	       0.0120	 & 	      -0.0039	 & 	       0.9764	 & 	      -0.5181	 & 	       0.8176	 & 	      -0.1429	 & 	       0.9893	 & 	       1.0000	 & 	       0.9989	 & 	       0.9778	 & 	      -0.2209 \\ 
$log\_NC    $	 & 	       0.0109	 & 	      -0.0027	 & 	       0.0047	 & 	       0.0006	 & 	       0.0140	 & 	       0.0143	 & 	       0.0054	 & 	      -0.0043	 & 	       0.9748	 & 	      -0.5194	 & 	       0.8033	 & 	      -0.1383	 & 	       0.9912	 & 	       0.9989	 & 	       1.0000	 & 	       0.9667	 & 	      -0.2547 \\ 
$log\_NI    $	 & 	       0.0574	 & 	       0.0017	 & 	       0.0500	 & 	      -0.0062	 & 	       0.0564	 & 	       0.0523	 & 	       0.0403	 & 	      -0.0021	 & 	       0.9569	 & 	      -0.4982	 & 	       0.8580	 & 	      -0.1588	 & 	       0.9538	 & 	       0.9778	 & 	       0.9667	 & 	       1.0000	 & 	      -0.0665 \\ 
$log\_util  $	 & 	       0.0355	 & 	       0.0633	 & 	       0.0316	 & 	      -0.1064	 & 	       0.0343	 & 	       0.0032	 & 	      -0.0246	 & 	       0.0436	 & 	      -0.2567	 & 	      -0.0480	 & 	      -0.0671	 & 	       0.0999	 & 	      -0.3008	 & 	      -0.2209	 & 	      -0.2547	 & 	      -0.0665	 & 	       1.0000 \\ 
\end{longtable}
 \end{center}
% End of TeX file.
