% 05-Mar-2024 10:50:50, created by display_conditional_variance_decomposition.m 
 
\begin{center}
\begin{longtable}{lccccc} 
\caption{CONDITIONAL VARIANCE DECOMPOSITION (in percent); Period 40}\\
 \label{Table:th_var_decomp_cond_h40}\\
\toprule 
$          $	 & 	 $       {e_g}$	 & 	 $       {e_Z}$	 & 	 $    {e_{ZI}}$	 & 	 $       {e_N}$	 & 	 $       {e_C}$\\
\midrule \endfirsthead 
\caption{(continued)}\\
 \toprule \\ 
$          $	 & 	 $       {e_g}$	 & 	 $       {e_Z}$	 & 	 $    {e_{ZI}}$	 & 	 $       {e_N}$	 & 	 $       {e_C}$\\
\midrule \endhead 
\midrule \multicolumn{6}{r}{(Continued on next page)} \\ \bottomrule \endfoot 
\bottomrule \endlastfoot 
$Y_obs     $	 & 	       14.97	 & 	       28.18	 & 	        5.12	 & 	       40.00	 & 	       11.72 \\ 
$Y_N_obs   $	 & 	       34.21	 & 	       21.42	 & 	        7.09	 & 	       22.15	 & 	       15.13 \\ 
$I_obs     $	 & 	        2.95	 & 	       28.18	 & 	       16.19	 & 	       24.15	 & 	       28.53 \\ 
$p_I_obs   $	 & 	        0.51	 & 	       44.58	 & 	       32.63	 & 	        6.10	 & 	       16.17 \\ 
$C_obs     $	 & 	       25.53	 & 	       24.85	 & 	        0.71	 & 	       45.77	 & 	        3.14 \\ 
$NC_obs    $	 & 	        0.19	 & 	        0.66	 & 	        0.02	 & 	       82.25	 & 	       16.88 \\ 
$NI_obs    $	 & 	        0.67	 & 	       14.94	 & 	        0.89	 & 	       39.77	 & 	       43.72 \\ 
$util_obs  $	 & 	       10.66	 & 	       38.88	 & 	       11.19	 & 	       20.87	 & 	       18.40 \\ 
$log_Y     $	 & 	        0.52	 & 	       28.86	 & 	        7.23	 & 	       56.93	 & 	        6.46 \\ 
$log_Y_N   $	 & 	        0.96	 & 	       64.22	 & 	       16.73	 & 	       14.94	 & 	        3.16 \\ 
$log_I     $	 & 	        0.10	 & 	       58.54	 & 	       16.32	 & 	       14.76	 & 	       10.29 \\ 
$log_p_I   $	 & 	        0.26	 & 	       74.03	 & 	       22.10	 & 	        0.29	 & 	        3.32 \\ 
$log_C     $	 & 	        1.74	 & 	        9.59	 & 	        1.90	 & 	       83.58	 & 	        3.19 \\ 
$log_N     $	 & 	        0.05	 & 	        1.69	 & 	        0.37	 & 	       86.88	 & 	       11.01 \\ 
$log_NC    $	 & 	        0.37	 & 	        0.18	 & 	        0.03	 & 	       94.37	 & 	        5.05 \\ 
$log_NI    $	 & 	        0.70	 & 	       12.18	 & 	        3.02	 & 	       51.85	 & 	       32.26 \\ 
$log_util  $	 & 	       15.47	 & 	       48.88	 & 	       13.74	 & 	       18.21	 & 	        3.70 \\ 
\end{longtable}
 \end{center}
% End of TeX file.
