% 12-Feb-2024 15:38:09, created by disp_th_moments.m 
 
\begin{center}
\begin{longtable}{lcccccccccc} 
\caption{MATRIX OF CORRELATIONS}\\
 \label{Table:th_corr_matrix}\\
\toprule 
$Variables  $	 & 	 $      Y\_obs$	 & 	 $  Y\_N\_obs$	 & 	 $      I\_obs$	 & 	 $  p\_I\_obs$	 & 	 $      C\_obs$	 & 	 $      log\_Y$	 & 	 $  log\_Y\_N$	 & 	 $      log\_I$	 & 	 $  log\_p\_I$	 & 	 $      log\_C$\\
\midrule \endfirsthead 
\caption{(continued)}\\
 \toprule \\ 
$Variables  $	 & 	 $      Y\_obs$	 & 	 $  Y\_N\_obs$	 & 	 $      I\_obs$	 & 	 $  p\_I\_obs$	 & 	 $      C\_obs$	 & 	 $      log\_Y$	 & 	 $  log\_Y\_N$	 & 	 $      log\_I$	 & 	 $  log\_p\_I$	 & 	 $      log\_C$\\
\midrule \endhead 
\midrule \multicolumn{11}{r}{(Continued on next page)} \\ \bottomrule \endfoot 
\bottomrule \endlastfoot 
$Y\_obs     $	 & 	       1.0000	 & 	       0.6170	 & 	       0.7563	 & 	       0.2157	 & 	       0.8824	 & 	       0.0005	 & 	      -0.0152	 & 	       0.0475	 & 	       0.0088	 & 	      -0.0166 \\ 
$Y\_N\_obs  $	 & 	       0.6170	 & 	       1.0000	 & 	       0.4940	 & 	       0.0094	 & 	       0.5248	 & 	      -0.0210	 & 	      -0.0082	 & 	       0.0182	 & 	      -0.0089	 & 	      -0.0337 \\ 
$I\_obs     $	 & 	       0.7563	 & 	       0.4940	 & 	       1.0000	 & 	      -0.2275	 & 	       0.3596	 & 	      -0.0030	 & 	      -0.0102	 & 	       0.0504	 & 	       0.0151	 & 	      -0.0223 \\ 
$p\_I\_obs  $	 & 	       0.2157	 & 	       0.0094	 & 	      -0.2275	 & 	       1.0000	 & 	       0.4712	 & 	       0.0045	 & 	       0.0004	 & 	      -0.0483	 & 	       0.0529	 & 	       0.0234 \\ 
$C\_obs     $	 & 	       0.8824	 & 	       0.5248	 & 	       0.3596	 & 	       0.4712	 & 	       1.0000	 & 	       0.0030	 & 	      -0.0143	 & 	       0.0315	 & 	       0.0016	 & 	      -0.0077 \\ 
$log\_Y     $	 & 	       0.0005	 & 	      -0.0210	 & 	      -0.0030	 & 	       0.0045	 & 	       0.0030	 & 	       1.0000	 & 	      -0.5715	 & 	       0.8462	 & 	      -0.3139	 & 	       0.9809 \\ 
$log\_Y\_N  $	 & 	      -0.0152	 & 	      -0.0082	 & 	      -0.0102	 & 	       0.0004	 & 	      -0.0143	 & 	      -0.5715	 & 	       1.0000	 & 	      -0.2721	 & 	      -0.3792	 & 	      -0.6378 \\ 
$log\_I     $	 & 	       0.0475	 & 	       0.0182	 & 	       0.0504	 & 	      -0.0483	 & 	       0.0315	 & 	       0.8462	 & 	      -0.2721	 & 	       1.0000	 & 	      -0.6356	 & 	       0.7262 \\ 
$log\_p\_I  $	 & 	       0.0088	 & 	      -0.0089	 & 	       0.0151	 & 	       0.0529	 & 	       0.0016	 & 	      -0.3139	 & 	      -0.3792	 & 	      -0.6356	 & 	       1.0000	 & 	      -0.1727 \\ 
$log\_C     $	 & 	      -0.0166	 & 	      -0.0337	 & 	      -0.0223	 & 	       0.0234	 & 	      -0.0077	 & 	       0.9809	 & 	      -0.6378	 & 	       0.7262	 & 	      -0.1727	 & 	       1.0000 \\ 
\end{longtable}
 \end{center}
% End of TeX file.
