% 13-Mar-2024 14:41:04, created by disp_th_moments.m 
 
\begin{center}
\begin{longtable}{lccccccccccccccccccccc} 
\caption{MATRIX OF CORRELATIONS}\\
 \label{Table:th_corr_matrix}\\
\toprule 
$Variables  $	 & 	 $      Y\_obs$	 & 	 $  Y\_N\_obs$	 & 	 $     SR\_obs$	 & 	 $      I\_obs$	 & 	 $  p\_I\_obs$	 & 	 $      C\_obs$	 & 	 $     NC\_obs$	 & 	 $     NI\_obs$	 & 	 $   util\_obs$	 & 	 $      D\_obs$	 & 	 $      log\_Y$	 & 	 $  log\_Y\_N$	 & 	 $     log\_SR$	 & 	 $      log\_I$	 & 	 $  log\_p\_I$	 & 	 $      log\_C$	 & 	 $      log\_N$	 & 	 $     log\_NC$	 & 	 $     log\_NI$	 & 	 $   log\_util$	 & 	 $      log\_D$\\
\midrule \endfirsthead 
\caption{(continued)}\\
 \toprule \\ 
$Variables  $	 & 	 $      Y\_obs$	 & 	 $  Y\_N\_obs$	 & 	 $     SR\_obs$	 & 	 $      I\_obs$	 & 	 $  p\_I\_obs$	 & 	 $      C\_obs$	 & 	 $     NC\_obs$	 & 	 $     NI\_obs$	 & 	 $   util\_obs$	 & 	 $      D\_obs$	 & 	 $      log\_Y$	 & 	 $  log\_Y\_N$	 & 	 $     log\_SR$	 & 	 $      log\_I$	 & 	 $  log\_p\_I$	 & 	 $      log\_C$	 & 	 $      log\_N$	 & 	 $     log\_NC$	 & 	 $     log\_NI$	 & 	 $   log\_util$	 & 	 $      log\_D$\\
\midrule \endhead 
\midrule \multicolumn{22}{r}{(Continued on next page)} \\ \bottomrule \endfoot 
\bottomrule \endlastfoot 
$Y\_obs     $	 & 	       1.0000	 & 	       0.3859	 & 	       0.7084	 & 	       0.8990	 & 	      -0.1416	 & 	       0.9234	 & 	       0.5009	 & 	       0.7688	 & 	       0.8087	 & 	       0.7413	 & 	       0.0148	 & 	      -0.0100	 & 	       0.0223	 & 	       0.0437	 & 	      -0.0001	 & 	      -0.0039	 & 	       0.1011	 & 	       0.0665	 & 	       0.1438	 & 	       0.1070	 & 	       0.2205 \\ 
$Y\_N\_obs  $	 & 	       0.3859	 & 	       1.0000	 & 	       0.9192	 & 	       0.2826	 & 	      -0.1466	 & 	       0.4128	 & 	      -0.5824	 & 	      -0.1697	 & 	       0.4140	 & 	       0.2539	 & 	       0.0210	 & 	       0.0112	 & 	       0.0421	 & 	       0.0363	 & 	      -0.0095	 & 	       0.0108	 & 	       0.0333	 & 	       0.0096	 & 	       0.0676	 & 	       0.1094	 & 	       0.1210 \\ 
$SR\_obs    $	 & 	       0.7084	 & 	       0.9192	 & 	       1.0000	 & 	       0.5951	 & 	      -0.1632	 & 	       0.6908	 & 	      -0.2378	 & 	       0.1984	 & 	       0.6519	 & 	       0.5208	 & 	       0.0055	 & 	      -0.0002	 & 	       0.0222	 & 	       0.0163	 & 	       0.0064	 & 	      -0.0014	 & 	       0.0226	 & 	       0.0004	 & 	       0.0562	 & 	       0.0630	 & 	       0.1450 \\ 
$I\_obs     $	 & 	       0.8990	 & 	       0.2826	 & 	       0.5951	 & 	       1.0000	 & 	      -0.2190	 & 	       0.6621	 & 	       0.4327	 & 	       0.8724	 & 	       0.7691	 & 	       0.7826	 & 	      -0.0049	 & 	      -0.0160	 & 	       0.0098	 & 	       0.0215	 & 	       0.0057	 & 	      -0.0216	 & 	       0.0501	 & 	       0.0181	 & 	       0.0960	 & 	       0.0365	 & 	       0.1500 \\ 
$p\_I\_obs  $	 & 	      -0.1416	 & 	      -0.1466	 & 	      -0.1632	 & 	      -0.2190	 & 	       1.0000	 & 	      -0.0503	 & 	      -0.0460	 & 	       0.0543	 & 	      -0.2160	 & 	      -0.0859	 & 	      -0.0046	 & 	       0.0112	 & 	      -0.0304	 & 	      -0.0245	 & 	       0.0084	 & 	       0.0082	 & 	      -0.0665	 & 	      -0.0542	 & 	      -0.0772	 & 	      -0.0587	 & 	       0.0192 \\ 
$C\_obs     $	 & 	       0.9234	 & 	       0.4128	 & 	       0.6908	 & 	       0.6621	 & 	      -0.0503	 & 	       1.0000	 & 	       0.4780	 & 	       0.5511	 & 	       0.7099	 & 	       0.5827	 & 	       0.0296	 & 	      -0.0031	 & 	       0.0295	 & 	       0.0559	 & 	      -0.0051	 & 	       0.0123	 & 	       0.1291	 & 	       0.0980	 & 	       0.1619	 & 	       0.1512	 & 	       0.2459 \\ 
$NC\_obs    $	 & 	       0.5009	 & 	      -0.5824	 & 	      -0.2378	 & 	       0.4327	 & 	      -0.0460	 & 	       0.4780	 & 	       1.0000	 & 	       0.7301	 & 	       0.2990	 & 	       0.3463	 & 	       0.0015	 & 	      -0.0173	 & 	      -0.0132	 & 	       0.0135	 & 	       0.0054	 & 	      -0.0061	 & 	       0.0809	 & 	       0.0731	 & 	       0.0822	 & 	       0.0210	 & 	       0.0929 \\ 
$NI\_obs    $	 & 	       0.7688	 & 	      -0.1697	 & 	       0.1984	 & 	       0.8724	 & 	       0.0543	 & 	       0.5511	 & 	       0.7301	 & 	       1.0000	 & 	       0.5914	 & 	       0.6917	 & 	      -0.0124	 & 	      -0.0188	 & 	      -0.0130	 & 	       0.0050	 & 	       0.0111	 & 	      -0.0232	 & 	       0.0331	 & 	       0.0119	 & 	       0.0633	 & 	      -0.0113	 & 	       0.1205 \\ 
$util\_obs  $	 & 	       0.8087	 & 	       0.4140	 & 	       0.6519	 & 	       0.7691	 & 	      -0.2160	 & 	       0.7099	 & 	       0.2990	 & 	       0.5914	 & 	       1.0000	 & 	       0.8181	 & 	       0.0057	 & 	      -0.0063	 & 	       0.0149	 & 	       0.0242	 & 	       0.0022	 & 	      -0.0061	 & 	       0.0499	 & 	       0.0254	 & 	       0.0834	 & 	       0.0837	 & 	       0.2042 \\ 
$D\_obs     $	 & 	       0.7413	 & 	       0.2539	 & 	       0.5208	 & 	       0.7826	 & 	      -0.0859	 & 	       0.5827	 & 	       0.3463	 & 	       0.6917	 & 	       0.8181	 & 	       1.0000	 & 	      -0.0010	 & 	      -0.0045	 & 	       0.0009	 & 	       0.0114	 & 	      -0.0026	 & 	      -0.0088	 & 	       0.0158	 & 	       0.0032	 & 	       0.0343	 & 	       0.0176	 & 	       0.1432 \\ 
$log\_Y     $	 & 	       0.0148	 & 	       0.0210	 & 	       0.0055	 & 	      -0.0049	 & 	      -0.0046	 & 	       0.0296	 & 	       0.0015	 & 	      -0.0124	 & 	       0.0057	 & 	      -0.0010	 & 	       1.0000	 & 	       0.9759	 & 	       0.9678	 & 	       0.9804	 & 	      -0.9817	 & 	       0.9921	 & 	      -0.3236	 & 	      -0.1803	 & 	      -0.5142	 & 	       0.5252	 & 	       0.6209 \\ 
$log\_Y\_N  $	 & 	      -0.0100	 & 	       0.0112	 & 	      -0.0002	 & 	      -0.0160	 & 	       0.0112	 & 	      -0.0031	 & 	      -0.0173	 & 	      -0.0188	 & 	      -0.0063	 & 	      -0.0045	 & 	       0.9759	 & 	       1.0000	 & 	       0.9729	 & 	       0.9413	 & 	      -0.9752	 & 	       0.9781	 & 	      -0.5222	 & 	      -0.3856	 & 	      -0.6729	 & 	       0.4017	 & 	       0.5383 \\ 
$log\_SR    $	 & 	       0.0223	 & 	       0.0421	 & 	       0.0222	 & 	       0.0098	 & 	      -0.0304	 & 	       0.0295	 & 	      -0.0132	 & 	      -0.0130	 & 	       0.0149	 & 	       0.0009	 & 	       0.9678	 & 	       0.9729	 & 	       1.0000	 & 	       0.9666	 & 	      -0.9689	 & 	       0.9489	 & 	      -0.4363	 & 	      -0.3331	 & 	      -0.5440	 & 	       0.5721	 & 	       0.6122 \\ 
$log\_I     $	 & 	       0.0437	 & 	       0.0363	 & 	       0.0163	 & 	       0.0215	 & 	      -0.0245	 & 	       0.0559	 & 	       0.0135	 & 	       0.0050	 & 	       0.0242	 & 	       0.0114	 & 	       0.9804	 & 	       0.9413	 & 	       0.9666	 & 	       1.0000	 & 	      -0.9788	 & 	       0.9481	 & 	      -0.2501	 & 	      -0.1399	 & 	      -0.3965	 & 	       0.6019	 & 	       0.6016 \\ 
$log\_p\_I  $	 & 	      -0.0001	 & 	      -0.0095	 & 	       0.0064	 & 	       0.0057	 & 	       0.0084	 & 	      -0.0051	 & 	       0.0054	 & 	       0.0111	 & 	       0.0022	 & 	      -0.0026	 & 	      -0.9817	 & 	      -0.9752	 & 	      -0.9689	 & 	      -0.9788	 & 	       1.0000	 & 	      -0.9637	 & 	       0.3920	 & 	       0.2575	 & 	       0.5581	 & 	      -0.4561	 & 	      -0.4860 \\ 
$log\_C     $	 & 	      -0.0039	 & 	       0.0108	 & 	      -0.0014	 & 	      -0.0216	 & 	       0.0082	 & 	       0.0123	 & 	      -0.0061	 & 	      -0.0232	 & 	      -0.0061	 & 	      -0.0088	 & 	       0.9921	 & 	       0.9781	 & 	       0.9489	 & 	       0.9481	 & 	      -0.9637	 & 	       1.0000	 & 	      -0.3637	 & 	      -0.2023	 & 	      -0.5786	 & 	       0.4658	 & 	       0.6206 \\ 
$log\_N     $	 & 	       0.1011	 & 	       0.0333	 & 	       0.0226	 & 	       0.0501	 & 	      -0.0665	 & 	       0.1291	 & 	       0.0809	 & 	       0.0331	 & 	       0.0499	 & 	       0.0158	 & 	      -0.3236	 & 	      -0.5222	 & 	      -0.4363	 & 	      -0.2501	 & 	       0.3920	 & 	      -0.3637	 & 	       1.0000	 & 	       0.9676	 & 	       0.9082	 & 	       0.3109	 & 	       0.0924 \\ 
$log\_NC    $	 & 	       0.0665	 & 	       0.0096	 & 	       0.0004	 & 	       0.0181	 & 	      -0.0542	 & 	       0.0980	 & 	       0.0731	 & 	       0.0119	 & 	       0.0254	 & 	       0.0032	 & 	      -0.1803	 & 	      -0.3856	 & 	      -0.3331	 & 	      -0.1399	 & 	       0.2575	 & 	      -0.2023	 & 	       0.9676	 & 	       1.0000	 & 	       0.7732	 & 	       0.2948	 & 	       0.1359 \\ 
$log\_NI    $	 & 	       0.1438	 & 	       0.0676	 & 	       0.0562	 & 	       0.0960	 & 	      -0.0772	 & 	       0.1619	 & 	       0.0822	 & 	       0.0633	 & 	       0.0834	 & 	       0.0343	 & 	      -0.5142	 & 	      -0.6729	 & 	      -0.5440	 & 	      -0.3965	 & 	       0.5581	 & 	      -0.5786	 & 	       0.9082	 & 	       0.7732	 & 	       1.0000	 & 	       0.2923	 & 	       0.0067 \\ 
$log\_util  $	 & 	       0.1070	 & 	       0.1094	 & 	       0.0630	 & 	       0.0365	 & 	      -0.0587	 & 	       0.1512	 & 	       0.0210	 & 	      -0.0113	 & 	       0.0837	 & 	       0.0176	 & 	       0.5252	 & 	       0.4017	 & 	       0.5721	 & 	       0.6019	 & 	      -0.4561	 & 	       0.4658	 & 	       0.3109	 & 	       0.2948	 & 	       0.2923	 & 	       1.0000	 & 	       0.8139 \\ 
$log\_D     $	 & 	       0.2205	 & 	       0.1210	 & 	       0.1450	 & 	       0.1500	 & 	       0.0192	 & 	       0.2459	 & 	       0.0929	 & 	       0.1205	 & 	       0.2042	 & 	       0.1432	 & 	       0.6209	 & 	       0.5383	 & 	       0.6122	 & 	       0.6016	 & 	      -0.4860	 & 	       0.6206	 & 	       0.0924	 & 	       0.1359	 & 	       0.0067	 & 	       0.8139	 & 	       1.0000 \\ 
\end{longtable}
 \end{center}
% End of TeX file.
